25 11 21 16 19 5 15 24
13 19 25 20 27 22 28 32
12 18 30 26 32 31 22 21
26 16 17 20 15 25 32 24
28 25 30 1 20 9 18 6
10 27 28 5 16 18 14 30
18 28 15 22 8 31 19 16
12 9 23 15 19 17 7 13
15 32 23 8 11 12 5 13
6 16 31 29 19 22 11 23
12 1 17 9 24 10 16 27
24 29 20 21 11 9 8 3
2 32 20 9 8 30 26 31
30 6 16 31 18 22 28 24
1 7 27 8 9 4 19 23
14 6 4 1 19 10 7 11
8 29 20 31 32 23 11 4
14 29 5 7 3 6 28 26
10 2 15 1 16 7 8 30
5 17 30 2 12 21 13 4
31 22 3 1 20 26 12 24
3 21 7 2 14 10 27 26
15 17 31 8 10 32 9 25
12 28 1 21 11 4 14 25
2 27 4 24 1 23 5 29
4 13 3 22 18 30 21 27
25 15 6 22 11 26 29 2
2 14 6 7 18 5 29 24
18 17 32 12 27 10 28 25
20 19 6 5 14 3 13 26
23 7 14 13 10 3 17 21
17 3 23 29 4 9 2 13
