21 53 20 60 13 41 11 44
40 9 60 31 17 47 61 48
15 18 62 22 13 46 50 49
13 34 51 61 62 59 10 54
18 14 37 57 54 59 22 42
49 64 63 58 50 18 30 62
10 20 29 53 45 9 35 22
26 23 31 45 24 48 52 56
24 31 60 22 7 2 44 16
35 58 7 49 11 42 12 4
47 21 31 40 10 26 1 58
32 10 25 35 20 24 15 18
54 24 4 49 37 48 1 3
63 23 24 30 33 61 41 5
23 12 21 52 34 3 38 51
48 45 36 56 44 34 9 55
48 2 20 32 56 41 54 64
6 51 12 23 3 5 19 50
36 38 48 20 25 55 18 31
19 7 56 12 30 17 22 1
38 1 23 15 54 47 11 30
56 20 5 26 9 3 7 45
18 14 39 29 8 61 15 21
62 27 9 14 39 13 8 12
46 38 12 64 35 19 47 51
41 51 8 27 22 54 33 11
47 26 58 24 51 37 29 44
41 57 64 45 36 50 56 43
50 63 64 23 7 44 30 27
34 43 21 60 20 29 6 14
33 2 11 8 39 19 9 42
17 42 62 48 55 49 58 12
26 40 14 63 45 51 64 31
56 30 15 52 42 4 53 16
10 12 38 7 57 40 25 43
46 53 61 28 43 16 19 48
51 41 40 63 13 52 27 5
21 59 61 25 15 19 47 35
24 23 59 31 58 62 41 52
33 2 11 35 37 42 55 50
57 37 39 1 14 28 26 17
34 55 32 31 40 10 5 43
35 28 30 55 42 57 36 47
1 16 60 45 9 58 27 29
28 22 59 44 33 7 16 8
59 57 61 62 36 53 3 25
27 25 2 52 43 38 21 11
19 8 36 17 16 13 2 32
53 3 13 64 6 32 10 54
6 29 55 40 57 3 28 18
26 18 25 4 15 33 27 37
8 60 47 39 37 57 34 15
1 56 49 46 34 36 7 59
4 63 21 26 13 5 17 49
16 43 40 63 32 50 19 42
17 16 22 34 8 20 28 53
35 50 43 52 28 5 46 41
27 6 11 39 62 10 44 32
5 53 60 4 45 39 46 38
52 30 9 44 2 1 59 61
60 2 38 14 4 23 46 36
46 58 6 39 3 4 24 32
14 29 6 54 55 33 37 64
49 63 29 33 17 28 6 25
