17 56 37 6 4 42 22 28 10 15 59 49 11 36 63 30 7 24 13 9 26 39 60 46 16 54 18 5 8 34 14 62
48 47 14 16 40 55 60 51 7 44 26 18 37 56 63 15 29 31 59 30 25 52 54 28 49 58 20 35 33 21 17 62
36 63 62 24 28 45 26 12 27 50 10 32 30 23 49 25 8 44 59 42 55 33 40 52 29 13 7 5 48 37 17 56
19 18 44 6 25 45 1 56 31 26 58 11 17 49 52 57 30 41 37 20 32 34 50 13 21 61 33 55 35 46 42 53
7 32 1 25 6 20 22 53 61 28 55 59 15 23 19 38 47 42 9 44 30 52 13 3 11 34 18 62 45 14 50 21
21 27 1 49 5 62 11 23 14 43 10 32 34 40 36 12 13 54 50 41 35 61 55 17 26 53 46 4 24 28 45 39
64 29 23 35 32 20 8 45 26 3 18 12 36 5 41 28 24 17 46 42 1 50 34 39 48 9 49 30 2 43 16 61
33 39 46 1 25 15 23 50 29 47 7 38 24 42 49 44 34 45 35 3 17 9 30 40 41 32 55 21 60 31 57 51
7 40 22 27 53 58 15 20 29 33 37 11 5 38 1 63 39 54 55 60 50 16 64 8 48 31 30 24 25 23 46 51
56 46 63 54 18 31 59 61 32 49 37 55 3 16 58 57 15 1 23 35 24 11 41 6 40 50 36 45 33 52 22 12
30 1 21 52 45 29 28 58 4 22 42 44 34 39 49 59 53 25 18 24 37 13 60 64 6 10 5 35 48 33 55 9
43 6 47 18 20 59 21 49 22 37 64 31 45 63 51 41 58 42 53 57 23 56 30 14 54 62 29 3 7 27 44 10
6 20 62 1 33 28 4 55 51 52 22 30 14 17 35 48 47 58 60 61 23 26 11 5 57 3 49 34 32 40 24 64
19 5 21 40 1 29 18 57 36 47 45 32 52 12 31 44 28 34 15 63 41 13 53 6 54 46 2 26 17 22 25 39
30 9 59 43 32 8 14 64 10 25 16 62 46 39 5 48 22 21 2 35 1 56 54 40 28 50 53 41 38 55 18 47
29 63 33 20 26 50 1 53 9 7 47 19 2 15 58 40 57 31 39 10 43 38 37 28 35 36 62 60 51 21 30 32
3 43 59 57 23 22 8 54 58 50 31 2 6 34 40 4 14 37 1 45 52 33 28 29 63 20 44 7 25 13 61 35
7 27 15 19 59 5 31 33 10 60 14 45 46 11 54 23 2 47 1 64 52 63 4 61 25 49 37 39 51 42 12 38
21 22 43 24 25 27 41 30 36 42 52 14 57 60 49 31 5 44 35 48 16 50 59 18 55 40 4 46 32 29 38 37
47 13 4 50 12 2 48 17 25 58 9 64 22 27 37 59 5 41 49 32 21 54 39 23 31 61 7 34 16 40 52 55
22 19 16 58 23 43 14 42 38 53 8 39 55 2 15 57 4 31 62 6 20 32 54 35 5 12 63 37 11 34 29 33
45 12 1 64 48 15 43 14 62 19 24 20 13 59 26 58 9 29 57 28 31 41 11 54 56 17 27 21 47 55 10 5
6 36 33 7 45 58 8 12 35 3 27 62 55 38 10 20 18 56 42 41 21 43 53 48 13 34 9 5 54 17 29 64
28 6 1 53 51 38 33 52 57 46 36 48 3 61 10 42 41 55 59 22 56 26 13 43 8 45 9 7 11 29 47 19
43 54 17 11 14 15 5 58 51 29 3 26 8 44 4 64 45 62 53 19 36 27 32 9 18 47 46 2 20 35 38 48
22 62 45 33 58 51 2 7 28 1 3 27 34 13 46 37 24 30 42 6 25 44 56 60 59 16 31 57 4 38 63 14
46 62 60 44 43 6 64 18 31 25 23 41 19 3 54 34 9 63 26 12 59 50 20 53 35 39 30 49 22 40 28 47
1 38 29 6 16 33 7 44 14 37 63 36 53 56 3 60 55 15 35 22 17 57 24 64 2 27 26 13 61 52 11 5
62 48 3 9 39 46 8 55 25 36 24 54 23 17 28 11 19 2 59 37 21 33 31 7 12 22 14 53 50 16 38 56
31 43 26 5 56 19 44 45 57 48 42 27 61 11 7 15 47 9 64 46 38 12 59 2 51 4 1 3 16 40 13 8
4 27 57 35 16 34 10 43 54 53 60 17 30 2 52 8 19 64 47 9 18 12 26 29 56 21 22 59 63 36 20 14
61 43 49 20 54 7 21 4 3 47 5 16 15 36 25 38 13 64 62 14 53 48 37 41 19 57 10 8 56 52 6 45
29 39 60 24 28 9 2 26 16 38 57 21 3 13 8 35 43 49 10 63 55 40 51 23 64 48 17 4 52 18 50 11
53 23 8 51 21 1 36 27 4 26 5 64 45 50 13 14 17 7 20 42 49 31 6 60 38 63 61 62 48 59 11 35
7 19 36 53 27 31 28 52 63 59 40 38 17 4 2 25 60 11 8 56 6 37 15 33 13 10 48 34 21 64 23 16
62 6 31 58 1 44 55 51 47 25 7 60 14 34 35 24 3 23 57 29 19 41 63 43 39 28 10 52 16 54 56 32
54 17 40 10 45 56 20 9 63 35 26 52 62 2 11 32 64 29 55 28 46 3 48 4 1 51 16 19 58 18 21 12
8 34 21 26 51 40 5 50 28 19 25 42 63 30 43 62 64 33 59 46 29 24 23 32 49 47 58 18 15 16 9 35
46 47 36 15 27 18 33 61 20 9 51 50 43 59 52 1 54 29 8 7 45 60 58 11 14 53 21 16 42 55 6 56
10 60 58 59 44 8 13 46 49 53 47 48 16 37 52 41 33 27 2 15 35 38 64 42 14 20 17 3 19 6 9 30
61 10 42 57 50 62 7 4 59 40 58 23 20 32 54 56 6 48 51 12 36 55 27 15 19 47 8 24 63 53 14 22
38 3 4 30 60 63 8 41 64 18 45 11 40 23 58 19 61 44 12 39 1 26 43 34 53 57 24 51 7 62 5 21
27 52 19 17 38 57 24 47 53 49 15 50 25 6 33 59 48 42 32 60 56 36 63 30 22 12 7 39 23 16 31 21
54 63 30 5 45 4 57 42 25 53 55 11 3 36 47 28 26 46 2 27 8 12 19 50 49 56 14 17 64 48 40 61
46 48 39 3 32 4 60 22 49 17 23 30 5 42 37 10 44 34 25 61 6 7 26 12 14 55 11 18 58 24 8 52
45 1 40 30 60 47 9 15 6 38 19 14 25 62 24 27 44 8 53 7 61 59 18 10 26 4 54 51 37 29 63 39
40 18 50 44 39 25 46 12 31 58 16 22 43 38 8 20 13 5 14 36 15 32 62 64 51 24 48 41 54 2 30 27
35 19 15 2 41 30 47 29 34 23 11 22 56 40 52 43 44 51 20 50 37 54 45 7 3 25 13 32 33 62 24 9
58 4 60 51 6 2 10 50 45 54 18 40 19 43 33 32 55 44 1 62 53 13 8 38 7 11 20 34 12 3 61 27
60 64 27 43 9 56 8 17 41 16 29 7 5 19 51 57 47 6 38 58 34 4 48 61 33 39 20 49 10 15 3 44
12 42 26 59 41 52 47 34 63 13 25 2 37 60 64 36 16 50 49 9 46 33 38 39 61 18 8 24 53 58 48 30
17 31 64 33 39 5 10 45 18 61 32 51 55 20 3 2 40 13 19 28 48 54 62 35 14 36 43 37 4 59 24 11
41 16 29 6 51 31 46 57 62 24 11 21 23 34 43 12 4 9 28 14 25 49 5 32 27 42 40 44 54 35 39 15
12 20 1 44 61 21 49 53 46 18 48 2 14 9 47 10 39 32 15 25 27 37 57 23 41 6 31 52 36 29 17 22
33 4 21 39 28 57 10 3 13 61 5 6 41 29 24 15 44 36 37 11 20 23 19 52 49 56 2 8 45 22 9 63
59 32 2 4 15 48 1 60 23 24 28 35 61 63 26 41 30 39 50 31 29 12 10 57 55 44 43 64 37 3 36 22
61 44 36 42 62 14 56 19 32 50 24 58 53 13 41 30 31 22 55 16 28 8 10 26 33 54 12 60 43 17 4 21
25 37 40 42 49 57 26 4 41 10 36 64 16 21 23 47 9 17 45 60 51 20 2 50 61 62 12 38 11 39 22 13
19 2 17 56 3 63 12 22 20 24 62 52 35 40 34 38 10 26 18 31 30 27 5 1 43 46 15 39 51 41 11 29
39 27 56 43 11 33 26 13 58 9 31 61 18 51 35 63 34 57 8 50 49 1 16 40 19 46 28 64 45 42 2 36
63 46 60 45 55 4 49 42 64 58 28 24 13 50 51 20 56 7 32 34 17 30 18 41 10 52 6 54 57 44 39 5
48 23 13 29 58 42 34 2 53 46 15 49 36 26 32 6 5 16 27 59 47 52 1 57 21 3 22 38 25 41 37 12
18 28 33 56 61 1 9 37 43 3 34 14 26 17 42 27 46 21 35 10 2 12 55 60 36 44 16 31 41 59 38 51
15 31 12 25 58 28 42 56 11 7 52 61 60 35 20 47 38 13 18 23 40 27 34 32 33 51 44 22 37 50 9 30
