31 55 37 25 38 64 35 36 40 3 7 43 49 16 30 53 29 34 54 11 6 59 18 17 2 63 19 14 60 33 5 8
56 50 37 15 8 4 44 47 33 5 52 25 9 12 51 1 35 24 29 61 10 38 34 7 59 32 55 63 57 45 21 18
10 58 36 27 4 33 16 49 35 53 30 12 56 19 44 39 59 1 40 15 64 46 11 7 13 21 18 14 62 45 20 54
41 16 54 8 26 36 57 12 39 19 23 49 17 14 60 25 46 61 31 55 29 2 3 53 15 40 24 37 34 28 27 58
34 59 64 33 25 55 62 38 48 14 20 30 40 61 27 31 53 22 15 43 19 17 45 8 56 2 32 21 36 1 9 10
17 22 52 20 25 34 27 23 46 45 59 12 56 7 37 60 64 1 55 36 43 14 8 63 11 47 19 57 33 24 18 48
37 3 53 12 50 59 39 11 54 18 10 35 17 61 1 46 23 6 21 42 49 48 30 9 63 16 44 60 2 26 28 36
49 44 64 52 34 1 33 17 5 9 37 11 56 2 35 16 19 27 28 38 43 39 10 4 55 25 18 6 62 61 54 21
60 7 47 56 8 28 62 23 57 29 35 22 2 21 50 46 32 52 15 63 5 24 30 26 44 10 31 33 49 43 64 34
58 5 33 51 52 26 39 9 47 63 55 11 64 17 7 43 56 3 36 44 23 24 40 20 2 61 15 35 16 8 42 32
30 1 14 19 7 23 10 53 6 35 42 37 58 38 54 33 25 44 62 16 28 61 8 48 47 32 12 31 3 55 63 26
57 40 34 50 3 47 41 29 60 11 51 17 31 14 45 46 21 2 55 23 44 19 4 18 7 25 15 26 53 42 13 6
46 20 25 61 15 29 35 52 38 55 48 17 40 60 39 3 28 64 41 62 43 36 22 21 31 63 26 12 45 44 34 18
34 36 6 57 52 21 61 48 4 27 50 58 43 12 18 45 44 47 42 11 35 39 3 54 53 40 15 1 64 5 16 32
9 37 13 3 27 60 17 14 62 10 4 63 44 58 26 50 39 12 55 18 2 45 32 24 21 38 5 54 20 23 53 33
23 42 4 50 20 61 49 27 55 21 1 26 46 37 10 56 22 11 18 3 59 45 38 54 44 8 24 51 64 36 7 14
52 25 6 46 61 32 8 4 15 18 42 29 13 36 30 45 58 1 12 54 56 22 59 26 53 10 21 5 7 27 31 44
59 19 36 37 21 2 48 14 42 1 51 3 12 62 16 29 8 15 13 17 34 35 33 24 28 7 63 25 31 6 56 39
18 11 6 28 57 35 64 26 30 52 60 24 63 33 44 3 53 1 46 40 47 32 51 5 12 41 4 25 22 29 8 56
39 6 21 35 55 26 62 10 63 3 42 15 49 13 16 47 30 53 5 54 57 36 46 34 28 41 27 48 31 44 25 60
42 20 2 59 28 46 22 43 15 41 62 32 12 58 5 52 47 64 60 51 17 13 48 14 8 7 9 18 3 27 44 16
53 5 31 58 16 35 55 34 27 21 37 50 46 28 25 47 42 9 48 45 19 6 39 29 62 51 24 54 17 13 49 63
10 29 64 31 44 42 15 32 38 57 12 37 36 52 16 26 58 43 53 61 40 9 35 24 59 4 11 41 62 28 6 7
40 63 32 23 15 10 57 35 54 49 6 29 61 46 4 25 50 16 9 55 48 59 2 62 31 51 19 22 60 39 38 18
24 2 29 34 12 56 11 6 19 33 17 30 31 20 5 64 1 22 32 62 41 54 13 53 18 57 49 55 36 46 8 4
7 47 20 17 4 27 30 19 64 12 56 61 16 15 13 28 11 41 36 10 57 44 23 40 49 48 59 63 45 33 58 9
32 49 33 15 43 46 59 29 17 40 41 16 53 5 26 45 37 20 6 63 38 8 30 21 58 61 14 48 4 3 22 62
30 55 7 37 45 39 31 34 48 49 51 64 19 22 9 4 13 59 23 26 18 21 8 44 43 41 57 32 62 52 20 11
33 51 13 43 9 4 2 48 23 42 62 22 61 49 1 63 31 53 59 24 12 17 46 25 27 60 57 19 36 58 55 18
47 42 31 43 58 53 33 56 28 50 34 37 20 11 19 27 59 9 48 1 17 35 5 60 7 26 61 51 3 55 25 64
53 30 28 18 23 40 9 42 51 41 37 1 61 13 24 32 64 5 11 39 29 22 25 44 12 17 45 20 35 4 60 58
14 9 17 38 19 49 57 44 25 63 60 42 28 61 27 48 11 43 58 64 31 15 21 37 34 5 2 35 24 23 10 46
57 30 50 52 43 6 37 5 25 10 46 58 60 3 47 15 1 61 38 27 26 39 19 8 18 62 51 9 29 11 2 34
5 8 18 50 42 47 39 54 51 13 56 4 36 20 6 9 53 14 1 22 45 64 40 25 33 63 32 62 30 28 2 12
39 2 3 50 11 20 23 48 10 57 7 8 14 59 47 40 1 30 38 9 54 13 55 32 19 18 22 51 43 24 41 31
62 42 1 58 16 40 59 26 37 18 54 25 23 17 7 20 34 14 6 38 10 4 43 3 41 53 52 55 51 13 5 29
31 8 40 15 50 56 4 54 47 38 28 18 46 1 64 23 22 36 2 30 32 42 27 7 16 62 63 58 11 49 6 33
64 33 48 49 2 13 55 39 56 37 32 61 23 24 57 36 35 59 51 53 63 47 8 15 62 5 27 11 1 50 16 45
41 64 42 35 15 43 13 4 59 46 22 20 56 33 8 10 52 58 31 3 50 62 45 44 28 38 24 34 18 7 53 14
43 63 57 54 13 51 52 34 31 4 5 45 53 27 14 19 26 59 47 3 35 50 10 37 12 36 23 64 61 46 24 1
50 26 13 44 64 56 57 19 47 28 51 55 62 12 27 20 25 4 23 52 21 31 45 59 54 42 35 36 39 49 46 48
37 39 11 52 59 30 43 18 60 12 45 16 21 20 44 51 7 17 56 36 55 22 48 31 50 23 32 14 41 29 34 10
1 8 36 14 21 32 39 63 35 9 28 27 10 45 58 5 30 62 60 57 29 33 44 52 42 23 13 47 61 49 6 40
10 32 12 50 41 39 28 3 31 15 11 9 14 43 52 42 55 23 13 16 59 17 8 20 7 19 26 60 53 21 2 63
2 48 3 47 16 60 38 39 27 59 5 22 26 28 51 57 43 31 12 62 40 54 17 42 6 13 14 56 61 34 15 41
33 32 50 25 39 13 9 12 21 60 16 52 37 7 41 6 64 17 19 22 27 58 4 55 24 49 61 3 63 40 20 29
30 38 43 54 19 59 14 33 34 64 48 55 6 10 21 58 35 40 12 22 20 57 11 45 26 41 9 50 37 2 56 60
41 22 6 61 38 35 24 49 62 5 20 45 59 29 18 28 47 42 58 7 64 13 26 30 50 32 27 11 55 14 21 60
37 48 56 50 25 28 3 59 38 7 57 20 32 9 26 46 62 41 16 29 51 53 4 58 60 43 24 52 22 8 27 1
34 14 7 2 64 53 54 49 63 60 40 39 52 38 47 12 44 37 51 16 30 56 15 41 22 24 33 35 46 48 9 42
34 53 54 24 41 33 56 30 29 10 38 18 63 52 50 2 16 57 28 19 60 31 61 45 22 21 49 12 36 35 40 42
19 28 13 6 10 41 39 61 43 23 63 33 49 64 17 51 57 46 42 14 44 40 56 8 60 36 21 9 54 50 2 53
19 49 22 39 54 11 38 23 34 7 17 50 1 4 36 40 15 27 57 30 52 12 5 44 31 20 29 51 58 14 3 25
14 1 37 57 22 47 58 24 45 41 55 16 35 11 40 51 15 63 36 56 17 34 4 20 25 7 50 53 8 62 52 3
42 1 13 8 57 24 29 11 15 41 48 36 54 35 10 38 5 6 56 30 28 46 25 12 44 16 2 20 4 59 22 47
41 61 45 34 19 47 3 51 16 2 55 63 37 17 49 64 26 62 30 38 5 8 50 25 9 39 6 42 18 52 54 10
12 55 49 9 35 32 20 29 43 51 38 23 24 40 4 25 14 53 54 33 19 2 60 63 28 41 58 6 45 52 47 26
57 31 49 62 46 4 47 39 21 61 3 23 53 17 22 59 36 60 10 48 29 27 15 33 32 30 14 54 26 11 37 43
23 42 44 28 17 39 48 29 58 45 18 49 6 35 26 30 60 38 24 21 7 16 5 40 47 55 41 2 1 27 36 3
52 33 9 44 29 30 47 61 24 21 57 43 12 19 20 7 4 31 15 42 58 45 49 13 1 46 59 51 6 32 50 48
16 14 51 5 30 46 60 23 32 45 40 43 63 8 24 48 38 26 27 33 31 2 58 56 29 13 52 17 4 11 7 10
64 33 23 3 21 15 18 41 11 8 34 39 25 49 20 38 27 29 58 45 54 22 36 24 37 28 48 5 9 43 13 56
54 40 37 27 56 11 61 2 32 15 10 52 1 57 46 6 20 44 18 51 38 50 43 22 34 7 26 19 29 13 9 24
41 14 46 50 16 37 34 5 25 19 48 13 38 40 10 6 47 30 62 28 52 26 3 31 9 39 56 23 21 1 8 32
