61 3 29 37 27 4 43 24 48 62 58 54 59 45 35 18
43 4 39 42 62 58 29 22 36 57 60 44 59 12 26 38
1 16 19 53 6 62 17 18 36 33 30 52 22 23 14 20
1 11 34 20 49 31 12 29 17 45 36 27 37 52 2 7
33 45 63 23 8 21 37 55 13 41 50 57 61 51 28 14
49 7 46 26 50 55 59 22 39 9 3 27 10 28 18 42
40 48 11 27 38 33 43 21 24 4 14 44 31 6 47 52
5 22 31 38 24 64 56 23 50 34 36 61 13 11 18 51
62 6 19 42 38 11 18 26 25 29 57 28 13 33 36 51
30 57 55 33 47 26 12 17 18 31 20 53 41 25 64 6
4 34 47 51 45 42 21 26 60 9 33 7 62 8 46 23
21 10 2 33 58 56 19 59 36 50 34 31 25 38 4 52
25 43 42 15 5 37 19 17 49 9 46 28 18 56 27 8
44 55 3 15 35 64 25 51 31 59 29 7 49 46 5 19
33 34 16 46 45 14 49 57 36 13 35 27 37 52 30 17
44 49 61 53 54 15 30 63 3 32 27 41 36 34 38 40
34 13 15 31 3 46 58 60 36 4 56 51 44 20 10 61
63 1 61 55 3 13 6 41 29 10 50 46 8 28 39 9
54 36 60 9 38 50 62 55 44 13 12 14 3 48 25 39
57 42 51 50 59 21 55 27 17 10 4 47 3 58 52 49
64 56 7 30 39 11 26 20 12 24 41 23 32 52 5 63
54 6 55 29 59 8 39 56 63 47 53 35 2 3 23 61
45 34 53 54 8 5 21 51 3 60 22 63 37 11 47 49
54 1 48 28 64 41 21 27 47 58 43 26 35 7 31 8
12 44 55 19 58 10 9 13 43 42 60 56 29 14 64 63
58 21 49 24 47 53 43 40 10 2 42 39 9 11 6 35
4 15 16 1 35 7 45 41 52 20 13 39 59 46 6 24
18 41 51 24 56 6 52 32 9 36 63 5 44 46 13 62
53 39 2 22 46 1 57 25 4 9 18 64 14 42 35 44
41 16 21 37 49 51 10 46 3 15 56 34 48 38 32 59
63 7 17 8 10 14 35 24 54 57 4 47 12 40 60 46
21 48 43 44 50 36 40 16 59 34 49 51 30 39 28 56
10 12 3 11 9 34 5 41 48 57 35 38 15 7 59 53
11 62 8 63 15 49 4 33 40 32 23 17 16 12 30 42
57 22 54 60 27 31 29 26 33 1 43 24 61 58 14 15
15 32 3 2 60 19 16 55 12 28 8 4 50 46 17 9
5 64 41 1 13 57 54 30 40 52 23 4 15 44 51 53
45 40 2 30 55 61 16 9 19 33 54 63 53 8 12 7
19 29 49 32 6 26 18 62 21 22 52 2 27 60 40 47
31 43 57 64 38 32 47 26 39 37 63 16 7 54 34 50
10 21 30 49 16 37 33 43 24 44 64 28 27 18 51 5
2 59 29 25 34 20 61 6 26 13 11 54 52 43 58 9
40 32 42 60 47 13 41 26 1 7 24 50 25 64 2 35
19 64 14 16 41 7 37 63 28 25 2 29 17 51 49 32
55 59 4 48 15 11 27 5 1 52 57 23 38 56 60 58
56 14 17 31 13 18 36 6 29 11 27 55 62 15 30 28
60 63 40 26 43 20 11 24 7 55 39 23 31 10 53 22
32 1 50 64 45 55 19 54 30 24 52 62 56 7 33 61
13 23 44 16 4 41 6 30 62 20 32 34 15 39 26 14
8 5 53 32 36 48 62 20 54 6 18 51 40 19 12 43
9 17 44 8 58 30 32 11 20 14 23 41 5 50 28 37
4 58 21 48 3 20 15 7 37 12 39 45 42 28 27 53
10 61 26 37 60 16 58 52 33 38 23 22 3 50 47 29
24 16 42 48 37 35 63 19 22 38 62 40 1 31 23 50
14 45 22 64 20 10 38 25 36 46 18 19 48 6 47 5
32 57 48 12 21 30 8 62 13 17 45 28 25 22 58 46
33 15 45 9 10 40 37 31 61 20 56 63 29 5 2 35
25 12 1 53 24 20 2 35 42 56 52 51 26 17 45 61
27 20 14 33 42 45 22 64 30 1 2 62 61 12 32 6
61 64 2 39 53 35 25 47 19 43 17 31 36 11 23 45
1 38 59 8 53 16 48 5 22 18 57 42 60 35 17 58
48 56 2 28 3 59 54 46 9 19 50 34 39 49 11 1
22 47 57 28 16 40 5 34 38 23 21 44 25 18 31 54
14 44 41 8 40 21 43 55 10 24 29 37 60 59 48 25
