59 36 13 33 32 55 2 45 8 25 56 44 53 27 28 42 58 50 48 61 46 9 6 12 35 3 14 11 19 63 10 31 23 37 41 30 40 17 20 49 52 24 29 57 22 4 18 16 64 7 60 38 39 5 47 26 34 62 51 54 43 15 21 3 16 13 54 59 35 62 27 57 21 28 38 45 46 5 42 29 39 22 19 51 36 43 52 33 55 44 11 7 63 4 17 30 49 32 37 6 50 2 8 61 48 34 12 25 15 10 58 47 24 14 23 9 26 53 31 41 40 20 18 56 60 64 35 57
49 56 24 41 54 28 14 30 36 31 62 61 18 4 25 52 6 1 29 27 19 44 32 15 12 59 26 10 50 9 43 47 51 55 58 39 38 21 20 57 48 23 42 22 16 17 33 60 63 3 35 53 37 34 5 40 8 13 46 7 64 11 45 11 60 49 14 19 38 31 9 41 26 62 48 21 50 32 53 3 42 52 10 33 5 36 30 44 58 16 61 35 63 59 37 39 12 54 15 51 1 22 23 55 47 57 64 45 18 27 4 7 20 40 46 6 56 17 24 25 28 34 8 29 13 43 3 37
52 16 59 7 39 34 48 42 56 18 9 15 35 57 13 53 50 46 19 32 45 47 54 49 2 6 21 40 41 29 27 51 31 58 44 24 60 43 22 25 23 26 37 55 8 64 20 17 38 33 4 10 5 28 30 62 12 36 63 14 61 1 11 48 49 32 25 64 5 19 28 36 44 33 38 59 7 53 21 55 31 9 15 16 60 50 4 29 10 54 34 6 8 56 47 52 63 20 37 43 40 2 41 39 27 24 57 18 45 35 62 58 11 30 12 42 1 46 22 14 23 17 51 26 61 13 58 2
5 3 20 39 55 8 11 38 54 44 41 56 1 59 49 57 52 31 22 35 29 34 28 48 62 27 33 7 13 19 23 18 46 36 32 63 25 37 15 26 53 14 51 2 58 61 60 43 47 30 42 21 6 10 64 40 24 45 50 9 12 16 17 47 59 13 49 42 54 1 14 48 40 60 35 5 32 12 21 7 38 18 62 43 26 11 34 57 45 27 36 63 55 41 51 46 2 17 10 24 53 23 25 31 3 19 15 52 50 39 33 61 44 64 16 22 37 6 58 20 29 28 8 30 9 56 63 9
47 13 4 53 36 17 61 45 48 33 40 25 26 15 41 59 24 55 10 37 16 9 34 19 8 12 44 62 51 54 14 39 3 21 18 35 32 43 50 52 29 1 2 49 63 11 27 64 6 56 38 23 42 7 30 31 57 22 60 58 28 46 20 51 58 41 37 27 17 31 59 48 45 11 33 39 6 55 35 62 3 22 57 34 30 13 56 21 49 60 40 20 19 38 53 25 43 7 23 50 1 28 61 63 32 14 18 4 12 36 64 15 46 2 10 44 16 29 8 42 52 47 26 24 54 9 12 18
25 44 18 55 13 2 17 23 42 4 62 21 3 47 1 15 50 30 43 35 12 22 26 8 38 48 34 49 5 39 32 28 63 37 40 53 31 52 36 7 27 10 58 56 9 16 45 51 14 46 29 61 20 57 41 19 24 11 54 60 33 59 64 62 57 50 31 48 43 18 9 21 39 40 38 56 17 23 32 19 64 28 25 15 54 44 26 51 49 33 3 41 20 30 22 52 7 13 42 63 14 36 4 46 2 29 34 60 59 11 5 61 8 37 47 55 27 53 16 1 12 58 10 24 45 35 24 47
42 39 9 3 11 16 35 34 61 1 28 63 53 62 44 58 24 47 23 50 60 25 17 33 41 52 37 2 57 29 27 8 59 12 36 31 20 45 5 15 40 21 13 10 19 22 26 54 32 51 46 38 56 14 48 55 18 49 4 30 64 43 6 32 43 10 39 14 16 63 35 8 58 4 34 38 9 51 46 6 17 47 15 12 53 31 64 61 42 60 62 18 24 23 44 1 33 26 54 45 19 20 2 3 29 50 13 55 57 41 52 56 25 30 37 48 11 21 49 22 5 27 28 36 59 40 42 31
61 25 41 40 55 46 17 34 21 36 6 62 5 63 7 60 53 1 14 12 24 50 9 49 31 48 42 15 39 33 47 26 64 45 10 29 23 56 2 52 13 16 28 57 32 43 3 37 4 30 38 20 44 19 54 35 11 22 58 51 59 18 27 32 6 29 48 47 16 20 7 54 1 4 19 62 22 42 45 23 26 61 40 34 35 15 37 36 43 5 18 27 33 10 12 56 31 30 24 38 25 17 44 14 64 2 41 50 39 28 58 63 21 46 13 60 57 3 52 59 55 9 51 11 53 49 36 51
29 62 17 35 61 24 4 19 26 53 56 20 60 39 15 27 32 11 31 55 57 22 12 10 58 43 46 54 7 30 36 34 33 6 50 25 2 28 1 8 44 16 38 49 23 47 21 5 3 14 63 37 45 48 59 13 52 42 41 40 51 18 64 55 58 61 4 34 7 26 3 45 29 28 57 49 36 21 50 18 39 20 24 63 32 12 64 38 13 5 51 30 23 53 40 16 56 11 33 25 35 8 60 54 43 27 19 62 10 22 31 42 59 17 41 48 47 2 6 15 46 52 14 1 37 44 42 4
14 58 11 42 9 28 22 43 40 18 32 61 1 59 45 52 60 8 2 49 27 12 30 7 6 15 39 29 51 4 26 57 31 33 63 48 17 47 64 21 35 62 16 5 54 3 41 53 50 23 13 36 20 25 24 37 44 46 38 34 55 56 19 40 62 13 12 36 6 27 18 20 9 24 14 61 58 17 26 52 4 19 23 1 43 28 57 53 38 29 50 59 42 30 16 44 39 49 11 7 56 46 33 55 31 25 51 54 41 34 45 63 60 47 35 5 37 2 22 15 8 21 3 64 32 48 51 57
17 50 43 28 6 61 63 16 9 19 31 12 7 5 54 41 22 51 48 60 46 59 53 40 44 55 30 64 14 36 3 52 24 38 2 37 13 47 35 21 26 25 4 58 42 23 39 27 45 57 15 56 29 18 34 62 8 33 32 1 20 10 49 34 52 26 51 4 15 54 44 13 64 21 48 2 57 46 43 47 5 45 14 30 12 10 61 23 7 1 33 29 63 60 32 18 40 50 25 27 19 55 35 16 41 31 56 36 42 28 24 53 17 9 8 38 59 49 6 3 22 39 62 37 20 58 55 19
41 52 29 9 30 35 17 24 6 38 57 56 47 50 36 18 58 7 21 40 34 55 3 28 16 4 23 31 2 14 32 43 60 10 64 42 48 20 13 5 46 1 25 33 37 44 39 15 61 11 8 49 26 59 45 51 27 19 62 53 22 54 63 1 60 48 19 53 22 28 23 11 52 63 2 33 7 59 44 5 31 49 57 6 41 25 26 38 18 15 10 46 14 20 58 62 27 4 55 45 29 64 24 3 32 40 21 39 17 36 8 9 35 30 56 34 51 43 54 42 37 61 47 50 13 16 5 38
26 25 17 35 4 31 15 56 55 54 42 12 37 57 27 50 8 5 39 59 62 10 16 48 9 58 49 64 2 3 11 34 28 23 60 40 21 46 7 53 61 45 29 38 51 19 63 18 20 32 44 43 52 30 41 24 36 14 6 33 47 22 1 43 58 32 60 30 46 55 6 8 25 41 53 17 48 37 39 49 45 5 14 56 19 52 44 22 28 40 1 62 21 11 16 57 3 15 33 59 42 61 27 51 29 23 38 31 34 47 2 12 63 24 10 64 7 9 26 36 20 35 18 4 54 50 29 41
53 39 20 55 30 48 41 40 4 47 7 57 1 60 37 46 34 64 44 33 63 32 35 19 25 16 38 29 21 5 24 42 36 22 23 50 18 9 49 51 2 59 61 26 28 6 27 15 17 12 52 8 58 31 3 13 62 11 56 43 45 10 54 21 30 10 45 59 37 19 42 11 60 58 8 28 48 31 2 39 34 41 44 61 40 50 25 52 7 63 51 3 4 20 36 32 13 9 26 33 43 1 57 55 47 53 12 46 56 27 15 22 49 38 18 6 62 23 54 5 17 24 16 29 64 35 27 41
64 6 43 59 16 49 7 27 36 56 52 11 33 30 62 57 39 10 5 37 44 47 35 51 24 29 9 58 23 13 20 12 45 46 25 61 17 63 53 14 50 8 34 26 55 41 19 60 28 38 32 1 42 48 40 4 3 2 21 22 31 18 54 37 53 10 20 36 47 7 34 29 25 1 17 18 61 48 60 6 42 40 24 38 62 63 27 16 8 39 59 23 19 26 56 49 5 13 11 52 58 31 4 41 45 3 44 14 64 33 21 2 30 22 57 28 55 46 50 35 12 54 32 9 43 51 40 23
63 23 7 21 64 2 33 53 32 45 59 6 9 1 42 57 4 8 12 26 25 14 47 52 50 36 41 39 35 19 31 18 61 5 37 48 56 15 38 24 30 3 51 43 13 17 60 22 28 11 27 20 40 46 29 62 10 54 34 55 49 58 44 54 33 41 49 4 24 50 19 17 40 5 56 23 11 20 28 14 48 45 34 37 7 53 39 63 30 1 61 64 47 59 21 6 22 51 2 57 18 38 43 13 44 32 55 27 36 25 31 52 15 12 29 60 9 62 46 35 3 58 8 42 10 26 32 56
39 43 3 59 13 16 56 28 11 6 47 63 19 29 9 61 14 30 64 42 52 24 35 7 2 60 62 1 44 53 46 45 58 20 38 8 23 27 33 50 22 12 21 25 49 18 37 41 26 32 15 48 51 36 34 4 10 55 5 54 57 31 40 40 20 34 33 35 1 64 62 45 59 18 25 6 22 61 11 49 19 3 12 28 39 2 63 56 31 27 47 30 46 15 38 23 51 10 14 36 13 53 21 26 57 52 55 8 16 29 32 48 24 41 50 60 44 7 9 58 54 42 37 5 4 43 33 26
19 10 50 42 7 15 55 25 52 34 63 31 48 36 45 38 1 11 44 56 43 54 28 62 64 22 17 53 23 14 39 13 60 29 59 16 27 61 47 32 41 33 51 46 58 30 20 3 9 24 37 4 57 40 8 5 12 35 6 2 26 21 49 17 35 36 24 33 63 6 11 59 58 27 52 40 16 62 34 4 15 26 64 60 45 31 7 3 38 23 48 30 39 8 13 22 53 44 56 42 54 51 37 20 14 25 10 41 43 46 1 28 5 49 19 9 61 29 55 2 12 32 57 47 50 21 29 5
12 36 22 17 35 4 24 21 1 58 15 46 51 63 59 41 20 45 5 3 26 44 61 32 7 50 48 27 62 54 64 11 31 2 38 40 6 55 56 57 25 39 16 47 42 60 30 34 52 8 29 49 9 28 37 18 33 43 10 14 53 13 23 49 57 56 22 28 43 55 64 40 46 10 52 53 30 3 48 9 16 7 8 59 45 35 41 25 61 33 5 34 60 42 14 58 26 62 63 4 51 12 17 37 21 44 1 13 27 15 31 32 18 6 29 50 54 2 36 47 23 11 24 20 39 38 28 11
24 36 32 38 4 47 54 64 63 51 3 21 29 43 10 14 11 31 19 50 34 58 56 27 53 26 18 17 52 22 42 15 45 12 16 41 33 8 2 6 57 23 40 44 60 7 30 28 1 35 39 48 46 37 62 55 59 25 61 13 9 49 5 59 5 46 23 39 10 25 22 42 16 44 37 54 62 26 61 9 11 34 56 12 3 7 1 17 51 49 31 29 64 57 45 38 14 48 13 18 58 50 32 41 4 28 40 21 15 53 35 36 60 27 63 47 24 55 19 6 43 30 8 2 33 52 25 22
24 40 44 63 2 34 64 16 12 53 26 5 39 38 57 18 59 30 7 50 19 31 20 48 15 45 49 11 13 25 47 9 52 51 29 41 6 35 8 55 1 54 17 33 36 62 60 42 4 37 32 10 58 46 56 14 28 27 43 61 23 22 3 12 9 25 32 22 7 24 37 54 17 57 64 38 61 62 1 51 49 46 35 56 26 59 50 11 31 4 45 8 58 33 14 52 16 13 6 55 60 63 28 23 27 29 36 47 41 34 40 18 30 2 15 20 42 5 10 43 39 44 19 48 53 3 61 30
7 64 4 24 45 41 60 16 39 27 34 13 17 49 12 44 50 51 25 54 15 38 11 32 6 61 19 9 37 20 26 36 28 3 1 46 23 57 18 29 63 14 35 5 8 48 58 52 30 53 2 42 40 43 47 62 33 21 59 56 55 10 31 51 53 43 62 6 57 40 45 41 60 48 31 64 19 10 38 54 55 50 21 9 37 46 23 32 5 26 34 28 59 11 16 20 17 56 47 15 29 8 39 18 35 44 2 49 30 4 25 33 58 42 52 61 12 27 14 3 36 1 7 13 24 63 47 20
56 37 55 10 29 2 15 43 52 39 38 33 59 34 12 20 19 51 21 58 6 41 54 16 26 18 28 64 25 30 11 8 53 40 32 35 45 27 63 7 47 61 50 57 44 13 4 62 48 14 49 60 42 22 46 1 9 31 24 36 17 5 3 36 19 17 57 26 31 28 12 21 16 33 56 62 30 24 35 45 51 4 42 61 6 41 18 40 34 10 48 54 58 15 53 39 47 7 20 3 50 27 2 8 32 29 14 46 52 60 25 1 9 37 43 22 49 13 38 11 55 59 64 5 44 63 44 15
61 37 19 13 5 33 29 3 51 23 28 8 55 22 40 20 46 32 12 38 57 60 35 62 59 43 17 27 54 58 11 26 45 30 34 44 56 16 15 48 63 39 6 52 25 1 50 53 42 4 49 36 64 47 14 18 21 2 7 31 9 10 41 47 58 52 8 33 20 21 61 36 5 32 59 3 16 30 51 7 15 31 54 50 57 37 56 64 29 48 39 35 46 45 14 23 12 62 25 2 63 43 41 34 38 60 42 27 10 17 44 1 6 49 55 53 4 28 40 18 11 9 22 19 13 26 60 6
12 37 49 43 39 23 3 48 29 26 20 52 55 5 19 31 28 16 62 63 41 30 14 54 46 22 57 13 38 27 18 53 7 56 8 15 11 42 1 10 61 6 45 32 50 60 24 21 40 17 34 9 59 36 44 64 58 35 2 33 4 47 51 61 36 1 48 29 45 6 57 9 12 5 18 58 50 35 26 30 41 8 15 16 54 21 19 40 43 10 32 49 44 60 31 62 47 53 20 24 56 22 64 38 13 59 2 42 4 14 28 34 37 51 27 7 11 52 39 17 46 63 23 33 3 55 56 20
10 59 14 22 49 58 8 35 50 15 3 9 61 53 12 30 2 23 33 48 34 1 46 11 51 24 62 28 13 64 18 56 52 54 38 17 63 21 16 47 20 42 40 32 60 55 36 27 25 5 29 7 43 57 44 6 4 39 37 31 19 45 41 12 14 63 30 44 35 33 53 9 8 61 51 45 62 57 13 32 52 50 19 46 27 59 42 31 10 34 37 60 41 38 48 18 4 25 58 49 15 7 56 1 5 28 47 64 24 17 40 11 21 43 6 16 54 55 23 3 29 36 20 22 2 39 59 17
60 39 43 36 28 4 7 42 19 54 40 8 25 47 10 17 63 26 35 31 41 1 64 37 29 2 30 24 21 58 51 56 46 55 12 61 23 15 20 11 22 50 49 62 9 14 13 59 18 6 16 38 5 44 53 34 32 57 45 3 33 48 52 30 16 41 64 6 42 5 31 25 17 9 47 1 3 61 55 38 37 40 29 53 48 2 56 46 10 54 20 14 11 13 18 32 12 34 28 62 49 43 57 52 24 59 36 19 50 23 58 4 45 26 63 44 8 7 15 35 39 33 60 21 22 51 14 32
63 25 11 17 9 23 36 15 39 52 38 10 8 19 64 22 61 58 43 1 14 59 34 57 62 30 32 45 31 37 27 26 44 51 42 48 12 5 54 29 21 7 47 40 13 55 35 24 33 2 56 50 4 46 49 3 41 16 20 53 18 60 6 15 12 4 26 58 9 41 25 6 46 31 47 61 44 37 14 52 30 60 36 33 16 18 59 23 55 29 51 24 62 43 27 50 19 7 38 3 40 42 57 5 63 39 17 1 53 21 49 2 56 13 11 34 22 54 35 64 32 48 8 10 45 20 19 38
26 31 33 44 3 50 19 12 7 28 59 24 62 45 49 53 58 36 8 46 60 32 55 10 6 2 20 25 21 13 34 64 23 9 18 35 39 5 17 22 43 48 14 15 30 38 51 1 57 63 61 54 52 16 27 37 41 56 11 47 42 40 4 2 34 62 60 33 25 20 50 26 39 40 7 54 4 8 49 31 63 12 23 14 19 21 56 18 42 57 24 44 64 58 28 15 47 32 13 6 16 59 53 52 3 48 45 10 51 5 43 41 22 11 1 30 35 36 38 55 46 17 9 61 37 27 18 13
21 56 64 53 28 13 36 43 35 39 42 52 61 38 14 40 3 1 22 49 57 7 6 60 58 31 54 51 5 12 10 8 37 45 2 62 20 41 15 19 33 55 17 4 23 32 59 25 48 47 26 27 29 34 18 9 24 63 44 50 16 11 46 4 46 59 56 37 44 29 25 7 60 26 3 53 58 61 49 23 20 34 50 22 55 38 62 6 21 39 14 24 1 16 31 15 19 42 47 28 54 17 64 43 13 52 45 12 18 36 10 41 2 8 32 9 27 11 57 33 63 5 35 40 48 51 21 45
9 5 59 49 19 32 29 51 27 11 52 58 41 17 45 1 7 12 30 56 50 4 37 44 14 24 33 64 28 54 10 62 26 16 2 55 20 13 46 60 48 21 40 38 61 53 47 6 23 34 3 15 57 25 42 18 22 39 8 35 36 43 63 62 30 43 20 1 4 47 52 46 56 28 44 3 13 35 34 53 21 29 41 54 48 8 2 55 11 32 26 24 33 45 38 7 63 18 27 25 39 40 10 51 23 50 59 57 61 60 16 14 17 64 58 5 12 19 42 15 9 49 36 22 37 6 63 7
27 33 14 40 53 42 61 4 54 43 56 30 22 15 64 7 24 9 50 63 18 6 16 29 46 37 10 20 60 19 2 31 21 52 8 11 58 1 44 3 48 41 45 39 59 34 23 55 25 36 28 62 13 5 12 51 26 35 38 17 49 47 57 23 2 21 45 50 5 14 46 47 42 49 15 57 26 54 48 37 25 61 20 27 59 6 58 36 63 29 11 38 12 7 3 10 34 31 62 30 28 40 64 19 41 52 1 53 18 17 39 16 55 60 56 8 4 44 33 22 24 9 13 35 51 43 16 27
61 36 50 1 2 16 40 41 39 48 38 14 42 29 19 17 58 7 43 45 10 4 51 46 12 18 37 8 30 62 53 34 27 54 44 56 28 49 20 5 26 32 63 3 15 57 9 25 55 47 11 24 64 52 6 21 23 13 59 22 31 35 60 16 35 11 18 8 54 27 57 60 38 15 47 45 62 28 41 39 4 29 17 20 9 30 51 6 10 40 46 25 12 58 23 42 19 7 13 22 44 50 26 59 32 2 63 43 55 34 3 24 56 48 31 5 52 53 37 61 36 64 1 14 21 49 17 48
28 18 48 49 2 8 21 45 5 64 37 9 36 20 7 24 59 31 10 41 33 58 61 6 54 43 38 26 40 13 50 53 63 4 55 14 62 60 42 27 52 35 39 15 51 25 30 29 32 57 19 56 22 23 46 3 47 1 44 17 12 11 16 6 10 61 39 27 42 62 26 52 33 56 9 60 7 49 19 12 28 47 11 37 40 30 14 32 51 43 36 54 16 31 2 48 20 3 15 59 41 13 21 53 46 58 17 23 64 35 44 55 57 24 45 1 22 38 25 63 4 18 29 5 50 8 39 37
56 62 16 20 6 4 31 40 1 12 59 32 15 46 64 42 48 25 45 8 43 22 21 26 53 51 17 55 14 50 2 36 44 41 19 58 18 47 10 7 61 5 33 3 34 24 39 57 29 9 30 60 23 11 54 37 13 63 28 49 38 27 52 18 2 29 58 26 30 4 33 23 60 1 9 19 37 21 28 41 42 20 38 25 62 55 8 7 31 39 34 52 22 61 48 63 51 64 11 46 44 32 15 16 57 43 6 54 5 13 49 45 14 10 3 36 47 53 40 59 12 56 24 27 17 50 43 1
4 17 55 7 27 50 44 40 58 15 53 29 21 12 24 54 26 49 41 16 1 28 63 9 23 35 30 62 19 31 11 45 43 38 52 64 14 39 46 59 48 56 47 22 42 60 13 25 2 6 3 5 61 10 32 57 33 20 34 8 51 18 37 45 1 37 54 30 34 31 61 22 39 2 62 55 9 40 27 64 16 47 20 23 8 52 38 59 17 44 32 4 43 14 24 15 33 13 18 57 35 48 11 28 42 10 41 26 29 56 6 5 19 3 7 51 53 49 58 46 63 60 50 21 12 25 8 44
56 7 49 61 41 20 21 25 9 64 27 23 5 11 17 15 52 33 54 4 29 63 32 19 38 13 16 53 46 2 30 48 36 51 18 3 39 58 28 8 10 59 26 62 31 22 14 6 57 34 1 42 35 55 40 44 24 60 12 43 47 45 50 53 46 51 5 50 39 44 33 28 13 23 2 54 47 32 41 3 55 43 12 1 36 10 38 15 42 25 59 11 64 27 4 16 45 61 9 63 7 58 8 17 6 21 56 22 62 49 30 60 31 18 34 40 52 19 57 14 29 24 35 26 20 48 34 2
4 58 14 50 60 39 2 56 31 57 35 16 24 42 44 34 45 40 8 26 41 46 15 18 47 62 52 10 17 5 63 11 51 33 59 22 53 48 20 49 61 55 23 30 12 9 25 27 29 21 3 1 54 37 19 64 7 32 6 36 28 13 43 20 57 8 58 2 24 44 49 34 59 55 12 33 5 27 42 36 7 30 37 9 1 26 41 25 15 56 52 11 51 35 54 21 29 3 13 4 63 28 39 6 45 60 14 46 22 43 61 50 10 62 48 40 23 17 53 31 47 18 19 32 64 16 28 12
31 11 10 23 49 20 22 34 29 26 53 35 19 64 3 41 1 14 56 33 48 2 24 9 27 45 62 37 28 40 44 52 21 47 30 5 16 60 36 63 59 57 50 6 58 43 15 54 8 46 32 7 17 18 12 4 38 13 25 42 61 55 51 60 1 63 16 62 51 30 12 59 29 53 42 38 57 34 55 3 61 52 49 50 14 27 6 25 13 45 18 48 41 40 36 56 2 43 19 9 28 47 26 4 20 10 58 54 17 8 37 46 5 24 21 35 22 33 64 44 31 15 11 32 23 7 54 34
4 62 9 2 7 23 60 35 14 22 11 25 27 3 30 10 48 43 51 61 57 58 26 19 54 15 59 8 17 41 33 32 12 42 44 36 6 56 45 38 39 63 64 21 34 49 55 29 20 28 13 53 46 47 52 16 5 1 50 31 37 24 18 39 20 24 51 4 43 48 38 5 18 6 19 46 3 30 62 45 63 59 50 15 52 54 13 17 29 60 41 11 1 10 16 21 8 7 22 37 23 44 9 33 64 14 27 31 36 57 26 61 34 28 35 56 12 49 25 32 2 53 58 42 47 55 62 15
64 15 63 55 30 50 59 27 12 22 3 40 6 11 34 45 52 21 7 2 44 18 29 26 36 58 56 51 47 25 54 13 20 60 32 33 38 19 14 10 49 35 24 42 37 5 17 8 53 28 43 62 9 31 4 46 1 39 48 16 61 57 23 53 35 58 8 51 12 31 32 50 62 29 36 63 19 13 43 34 28 30 38 59 22 52 17 4 44 55 14 11 10 46 21 61 45 39 64 2 7 54 25 42 60 20 5 15 24 49 16 1 18 48 26 57 23 33 9 6 37 47 27 56 3 40 14 13
7 25 18 48 9 59 45 52 47 41 51 17 5 6 43 23 32 34 8 57 64 39 26 35 60 62 37 11 33 31 16 24 21 46 56 15 58 20 54 36 27 44 19 10 12 40 49 29 55 53 4 30 14 63 22 1 28 61 50 38 2 3 13 39 60 16 47 64 15 46 56 41 8 58 1 12 48 5 37 24 49 27 10 33 57 22 31 29 21 11 3 59 45 63 25 44 53 26 17 50 62 13 20 18 32 35 19 14 61 40 9 55 7 51 43 36 30 34 54 23 38 52 28 2 6 4 7 9
16 53 38 14 35 62 29 13 9 7 37 64 34 48 27 55 49 26 18 52 51 19 20 21 12 41 40 4 2 47 31 39 33 17 50 6 61 28 56 45 3 10 23 58 60 57 5 54 15 32 25 44 59 22 36 8 30 24 42 46 11 1 63 14 34 59 20 37 41 1 24 60 57 25 49 51 42 2 6 36 7 62 15 18 31 21 58 54 5 17 4 29 23 19 39 61 40 33 46 30 32 52 13 50 53 22 12 56 27 28 47 35 9 63 10 44 55 38 45 48 8 11 16 26 3 64 35 61
34 20 38 35 46 2 59 18 55 7 28 40 56 61 14 57 10 63 33 39 27 24 48 1 17 36 45 13 53 25 47 9 5 29 49 22 6 30 15 8 42 11 16 60 54 3 21 64 26 62 31 41 43 58 23 51 50 37 19 32 12 52 4 2 7 38 21 10 39 12 51 4 63 22 48 61 40 42 34 41 26 57 45 52 43 14 53 18 23 36 8 9 60 15 56 16 17 11 24 30 54 50 27 5 47 20 62 55 64 13 31 35 1 58 3 37 25 46 32 33 29 49 59 6 28 19 36 23
14 19 15 60 29 18 27 11 55 40 8 30 62 48 10 44 5 22 39 13 4 57 63 53 47 3 35 36 21 52 26 16 33 31 41 51 24 20 17 54 37 59 23 9 56 7 46 12 34 50 64 43 1 32 2 25 61 58 6 38 42 49 28 33 4 23 41 36 11 30 64 14 61 63 13 43 5 54 7 42 3 26 29 15 10 27 49 17 24 52 56 8 19 28 39 58 12 48 59 2 34 21 62 31 51 32 16 6 35 1 38 57 53 44 55 9 40 18 22 46 20 37 60 25 50 47 46 30
18 62 12 60 25 53 61 31 48 50 57 4 29 30 47 40 2 22 24 26 37 10 7 34 64 19 1 54 59 21 17 49 39 45 11 55 63 33 41 51 38 56 16 3 36 20 6 43 13 8 35 58 28 27 32 9 5 52 44 42 23 14 15 37 19 32 60 51 58 47 25 53 31 55 54 28 6 52 30 26 5 50 56 45 17 41 16 14 12 22 27 4 24 20 59 10 61 36 23 62 7 9 38 49 35 29 64 57 3 34 2 13 1 33 8 15 21 44 42 48 40 63 18 43 11 39 53 45
20 17 36 40 18 3 39 2 58 53 55 15 9 29 32 24 42 64 10 6 35 54 63 14 11 38 62 8 57 48 44 26 13 33 41 4 16 46 21 52 60 50 59 45 12 31 19 43 34 56 1 7 49 28 25 22 23 5 61 27 37 51 30 6 39 42 33 62 24 11 46 9 63 37 15 27 49 54 18 36 45 1 12 29 8 55 23 14 7 26 35 28 60 43 30 38 31 56 5 34 2 20 41 59 40 4 22 51 16 57 44 25 53 50 32 10 17 58 64 21 19 13 48 52 61 3 22 6
45 4 52 64 50 49 37 25 60 6 56 40 58 44 54 28 55 36 14 46 35 11 3 59 26 62 12 43 39 47 13 63 16 21 23 18 7 9 27 61 33 17 51 1 30 29 41 38 31 5 15 32 8 20 10 34 19 53 22 57 2 24 42 42 55 29 52 40 44 34 43 54 45 38 12 24 57 60 56 6 13 15 62 22 31 30 46 28 49 59 27 63 4 61 9 53 41 2 37 58 17 26 19 8 51 10 7 16 39 1 21 23 32 14 47 20 25 36 18 3 50 11 35 33 64 5 33 58
60 56 22 48 61 8 17 33 21 32 18 39 2 47 54 24 55 20 63 34 44 59 11 27 6 57 40 38 46 36 29 4 23 14 28 30 43 26 45 53 35 12 16 62 37 9 42 58 52 25 15 41 50 10 51 7 64 5 3 31 13 1 19 39 64 10 28 29 32 42 54 63 3 51 2 60 30 47 16 56 21 35 22 8 11 15 44 37 23 46 58 50 31 45 14 7 12 6 33 5 34 27 36 20 1 25 13 17 57 59 48 40 9 53 18 26 61 41 52 38 62 55 4 19 24 43 59 50
62 23 52 14 1 24 60 9 47 42 43 39 35 59 17 11 29 34 32 21 26 4 30 2 58 40 57 16 54 55 31 56 49 19 28 13 5 3 41 48 6 18 37 10 15 38 61 8 22 36 51 20 33 44 45 53 64 46 12 25 7 27 63 3 60 59 14 41 12 6 24 64 38 13 22 56 26 46 21 49 40 63 47 48 16 43 27 29 5 54 45 52 20 57 23 4 55 34 10 61 7 39 2 33 1 28 37 36 30 11 62 15 32 31 25 8 17 18 19 51 35 9 44 58 53 42 55 49
52 14 27 6 7 1 31 50 17 48 43 33 64 25 21 11 40 3 26 63 42 44 19 2 53 8 28 45 18 9 16 5 58 35 62 56 57 61 39 4 12 13 54 46 15 36 34 37 55 22 29 30 49 60 47 41 23 24 59 20 38 10 32 4 12 11 56 32 48 43 33 20 9 27 58 24 6 21 64 16 50 38 8 10 35 17 13 61 44 57 45 23 18 52 34 36 55 25 28 47 63 2 53 19 42 54 60 40 5 30 59 29 37 7 22 49 3 31 14 62 1 15 41 46 26 39 8 10
23 63 11 41 43 50 5 7 20 4 30 3 1 14 46 62 39 31 55 18 13 8 29 37 49 42 33 60 38 47 27 12 21 16 28 36 32 48 22 2 56 53 35 54 51 9 26 59 64 61 24 17 6 57 15 44 34 10 45 58 19 25 40 38 63 31 64 48 12 39 36 59 13 21 28 11 32 23 58 17 22 45 1 41 60 61 30 53 14 49 26 9 47 3 5 57 62 44 2 4 43 55 20 35 16 34 33 8 37 18 56 19 50 24 29 15 54 51 6 46 10 27 7 40 42 25 62 53
27 25 42 52 46 55 10 54 14 45 29 3 33 24 18 15 8 35 16 39 9 4 19 34 20 5 50 58 44 32 48 2 62 63 59 17 28 11 30 51 6 40 56 61 38 43 21 23 41 64 60 7 12 22 49 31 47 37 13 57 26 1 36 62 44 49 2 30 15 23 8 43 52 28 13 42 32 36 18 7 25 60 31 63 58 10 37 12 1 40 19 38 56 22 27 39 5 55 51 14 54 17 47 11 24 61 48 20 64 6 45 21 46 57 41 35 33 34 9 59 29 50 3 4 16 26 46 52
36 27 38 31 57 3 48 20 18 47 29 23 15 21 45 35 25 7 12 44 14 6 1 53 56 51 24 16 33 13 61 43 42 4 63 49 37 8 58 39 19 40 10 2 28 55 52 50 9 30 41 22 64 34 46 26 59 5 62 11 60 17 32 50 37 35 30 43 33 4 19 28 34 10 60 58 11 48 21 41 59 36 2 27 47 25 45 63 55 8 13 17 1 22 53 23 14 18 42 20 49 62 46 7 16 24 44 52 51 15 38 3 6 31 29 40 56 5 32 9 39 61 57 12 26 64 39 64
2 27 37 11 45 64 46 13 33 53 10 30 40 35 19 63 44 28 61 3 39 20 17 49 54 16 36 48 14 50 26 38 22 4 59 9 32 43 47 60 18 15 62 5 52 42 51 7 31 21 56 29 57 58 41 1 24 25 12 6 34 23 8 24 32 49 30 40 57 53 54 27 13 15 43 52 61 16 38 26 6 46 37 3 35 11 4 62 17 51 47 29 14 59 1 18 2 48 10 56 50 44 20 36 42 63 7 22 8 34 58 12 39 31 33 5 41 23 60 25 64 28 21 9 19 45 11 50
55 39 5 54 41 8 25 33 13 1 20 44 29 63 15 26 28 11 47 31 61 40 60 52 27 35 12 43 17 23 50 48 21 22 16 38 19 32 58 64 24 18 36 4 46 45 30 62 49 53 42 6 57 2 51 10 7 9 34 59 14 37 3 6 22 3 5 10 15 53 39 54 8 13 37 20 46 60 18 40 41 51 47 61 26 34 14 36 17 30 64 42 16 63 48 2 27 28 50 33 12 24 25 31 32 45 4 35 49 38 58 11 44 29 52 9 59 43 55 23 1 62 57 19 7 21 25 16
33 37 8 50 53 18 3 19 5 35 52 15 31 36 64 39 20 32 40 43 12 2 54 11 21 51 23 26 30 44 17 56 46 60 13 63 24 14 45 16 29 25 10 42 28 49 41 58 4 7 22 34 38 6 48 62 47 61 59 9 55 1 27 6 12 54 42 56 23 40 58 37 46 36 26 31 17 25 59 16 44 1 7 43 9 61 49 5 14 55 53 22 52 4 62 38 3 30 33 32 11 27 47 13 2 29 21 51 41 18 48 64 39 8 34 35 20 63 10 28 24 50 19 45 60 15 1 10
34 9 27 43 60 37 52 38 7 22 54 53 44 6 55 62 3 47 33 17 16 14 4 42 35 1 48 63 25 12 23 13 32 61 59 11 15 19 36 64 28 29 46 24 49 26 20 2 39 45 21 51 57 5 10 18 50 41 8 56 40 30 31 35 12 5 1 18 22 52 47 19 15 29 36 38 3 2 21 34 10 44 62 54 9 56 45 23 33 28 50 20 31 57 51 26 39 13 59 6 11 27 60 30 37 14 25 32 61 16 49 7 8 4 48 63 41 53 46 43 64 24 17 55 40 42 48 3
11 12 47 39 54 61 48 46 24 58 26 57 63 41 22 1 35 30 25 37 34 31 3 51 44 19 14 27 17 38 42 6 36 18 7 16 21 15 64 32 45 60 28 4 5 55 33 23 52 2 8 43 50 56 20 53 49 9 40 29 13 62 10 61 32 40 41 35 52 28 45 21 57 8 42 56 64 34 58 19 54 44 31 22 60 47 53 37 11 25 38 13 36 63 51 46 30 43 5 62 49 27 15 29 14 48 4 17 55 18 2 7 23 24 9 20 39 6 33 12 3 50 16 10 1 26 49 26
42 1 12 33 18 20 24 23 48 17 8 49 61 40 22 7 47 29 38 54 28 25 46 27 41 34 56 16 30 32 44 63 43 4 9 36 21 37 14 26 64 2 11 55 57 59 51 15 6 58 35 3 53 52 5 19 62 39 50 10 31 45 13 51 41 28 17 11 35 61 64 13 29 16 56 52 3 37 43 4 27 34 55 8 36 58 23 46 48 9 40 54 7 32 10 57 18 50 25 45 2 49 22 20 44 30 26 42 31 59 33 53 47 38 63 6 62 24 12 15 19 14 1 21 5 39 64 24
56 25 2 24 46 16 5 1 43 26 4 27 64 53 13 42 40 60 47 15 55 32 18 12 62 11 44 17 48 45 8 51 6 52 36 29 22 10 28 20 14 3 31 19 23 38 63 35 49 30 59 39 54 33 50 9 41 34 21 37 57 58 7 60 35 22 49 47 9 8 17 31 53 50 43 10 36 18 57 20 19 4 46 39 48 1 32 30 40 26 38 28 42 24 25 7 33 59 41 45 55 3 14 16 63 56 12 23 34 11 6 29 5 15 52 37 27 44 13 62 21 58 51 54 64 2 21 43
4 40 56 38 5 57 60 47 49 7 32 22 20 43 10 28 16 34 27 3 58 41 29 48 19 63 30 11 2 51 36 42 50 45 15 21 26 53 59 18 17 39 61 44 9 64 24 8 55 13 14 46 12 54 33 52 6 23 35 25 1 37 31 6 30 17 54 52 49 3 1 57 59 22 14 7 45 43 40 10 12 19 60 4 58 25 13 41 15 31 37 44 21 9 18 42 46 29 28 27 26 5 2 48 33 51 50 56 36 8 16 24 53 47 63 38 23 39 35 55 20 11 34 32 64 61 40 52
54 50 41 25 7 45 10 47 38 19 17 39 16 1 33 24 48 5 40 8 53 56 3 20 12 49 59 23 32 15 35 9 52 30 26 64 31 27 60 18 37 29 51 14 21 36 4 55 46 22 42 43 28 6 58 34 2 62 11 13 61 44 57 30 8 35 50 17 51 16 25 23 31 64 54 22 46 55 36 52 27 7 28 26 15 59 4 41 10 11 21 39 18 45 38 53 3 49 44 2 61 6 9 37 24 42 43 29 12 34 13 33 58 60 56 32 40 48 1 20 14 62 47 19 57 5 31 4
41 9 17 34 60 57 52 48 14 25 38 40 29 5 10 16 12 55 54 59 33 27 22 4 37 46 23 18 47 35 24 62 49 45 44 58 2 51 28 32 50 20 63 11 8 31 26 42 39 6 13 19 53 1 21 15 56 7 43 3 61 30 36 42 19 35 4 52 20 51 9 33 63 61 24 26 21 50 34 41 25 7 37 56 6 54 27 8 15 14 16 30 45 10 44 47 3 58 23 46 57 49 22 60 48 2 55 43 40 5 32 18 17 38 28 12 62 59 39 1 53 31 29 13 36 11 60 54
