9 24 26 28 6 19 12 30 10 16 25 21 23 8 13 20 4 18 2 17 32 3 15 11 7 29 5 14 31 22 27 5 17 26 3 4 32 27 16 12 14 13 29 24 7 30 2 20 21 9 31 10 6 22 15 23 18 28 8 19 11 25 21 24 19 22 9 8 32 10 7 14 25 3 28 18 30 12 29 20 13 15 6 31 2 26 4 5 17 23 11 16 27 4 22 19 21 23 3 12 5 27 25 7 2 18 31 9 29 30 11 26 28 24 32 20 17 13 10 8 15 6 16 14 10 31 5 22 26 7 27 4 21 6 20 14 17 2 16 28 19 23 3 25 12 8 13 18 9 29 15 24 32 11 30 6 28 15 3 19
31 3 26 9 23 24 29 27 11 5 12 28 8 16 18 22 15 21 25 30 7 14 4 17 13 20 32 10 19 1 6 25 13 1 28 11 15 23 21 6 10 4 17 14 29 22 26 12 32 5 8 7 18 19 30 27 20 24 16 31 9 3 31 19 8 18 12 1 32 23 9 28 29 21 10 17 24 30 27 13 6 14 25 20 5 11 3 26 15 4 7 16 22 30 19 26 6 18 15 9 21 31 29 12 11 17 16 27 23 32 7 4 3 8 14 22 1 10 25 5 28 20 13 24 17 15 20 12 30 23 21 22 13 29 32 26 16 24 10 1 7 11 3 28 4 27 5 14 9 25 8 19 6 18 31 13 26 16 6 14
6 8 1 24 2 7 16 5 30 17 25 29 4 13 10 14 15 20 22 18 19 27 32 31 23 9 11 12 21 26 28 17 29 23 13 10 4 6 14 1 15 24 18 25 21 20 27 26 2 7 30 32 22 12 8 19 28 9 5 31 16 11 6 19 24 18 9 25 10 2 22 28 21 8 29 15 4 27 26 5 13 23 11 1 20 7 12 16 31 17 30 14 32 7 29 4 2 1 11 12 13 24 21 16 31 28 26 5 27 6 22 25 15 19 17 32 14 20 10 9 8 23 30 18 5 4 28 8 29 26 7 2 25 32 9 22 19 20 11 30 23 14 6 16 12 15 21 18 13 1 31 24 17 10 27 16 1 22 4 15
15 3 11 18 14 7 31 26 6 12 21 22 23 24 17 10 5 27 19 13 16 9 28 8 32 29 25 20 30 2 1 3 10 27 16 1 21 17 28 8 26 15 19 32 22 25 29 13 11 31 9 30 14 6 5 23 12 18 2 20 24 7 26 15 16 3 25 10 13 2 29 27 9 28 5 20 19 1 12 32 23 8 22 30 21 17 11 14 6 24 18 31 7 22 9 30 18 21 23 19 26 13 14 2 29 12 6 1 27 8 24 7 20 11 5 3 31 25 16 10 28 17 15 32 6 31 21 12 18 2 7 26 27 16 29 25 1 10 14 15 19 20 32 17 11 3 22 13 9 30 24 8 28 5 23 3 23 18 5 31
4 12 17 20 6 23 30 10 22 19 15 11 18 7 1 21 25 14 16 29 13 31 24 8 28 2 26 3 27 9 32 15 6 30 25 27 13 8 28 1 23 11 2 18 21 3 32 26 19 10 12 4 29 14 7 17 24 31 22 9 20 16 4 28 7 22 31 20 21 11 23 16 8 18 10 14 25 17 24 6 29 13 3 15 12 19 9 1 32 26 27 30 2 21 4 8 23 7 27 22 12 29 19 1 18 3 26 10 31 30 16 6 11 32 28 15 9 25 2 20 24 14 13 17 21 12 28 27 31 14 6 13 2 24 1 11 10 16 25 18 29 15 20 8 32 9 26 23 19 4 7 3 30 22 17 17 30 29 8 4
9 7 2 23 31 13 20 10 24 18 17 28 15 30 8 25 22 5 12 19 1 26 11 14 16 21 3 27 32 29 4 18 30 10 32 4 5 7 11 21 1 14 28 24 20 3 12 22 16 17 23 25 8 31 9 13 29 2 15 26 19 27 5 12 9 23 31 8 11 16 15 27 10 32 21 18 24 25 4 1 7 13 28 29 30 26 22 17 2 20 3 14 19 15 18 9 3 2 1 29 23 13 21 27 4 8 28 19 20 17 25 12 14 32 16 10 11 30 22 7 31 24 5 26 10 17 7 32 4 27 23 2 9 29 20 3 21 8 25 24 1 28 19 30 5 12 31 13 11 22 16 15 18 26 14 2 1 11 22 19
8 20 11 9 14 5 23 32 22 6 25 18 29 19 28 13 2 21 16 24 1 15 10 27 26 4 3 30 17 31 12 18 29 19 4 16 9 26 22 21 25 14 28 20 30 15 31 5 11 23 32 1 3 24 10 2 27 8 17 12 13 6 15 1 14 25 9 16 17 2 29 4 18 20 5 10 19 11 12 27 22 24 21 3 6 26 13 28 8 32 30 23 31 15 21 1 27 31 25 16 22 28 13 29 32 24 17 9 5 20 14 10 4 3 23 19 8 18 2 30 11 6 12 26 13 11 14 31 30 18 17 20 12 3 8 25 10 21 26 16 5 19 32 9 15 2 29 27 1 23 4 24 6 22 28 23 20 21 9 32
15 17 27 18 32 22 16 20 23 14 11 13 2 9 24 30 28 21 29 6 12 19 1 10 3 25 31 26 4 7 5 28 32 7 16 23 26 21 25 14 30 27 15 13 10 4 5 22 20 18 6 2 3 17 19 1 31 11 12 24 9 29 18 28 4 19 14 11 3 1 7 10 30 20 17 16 9 24 5 22 31 12 21 6 2 29 13 27 15 26 25 23 32 7 2 23 21 5 16 28 27 22 17 20 1 12 13 32 25 9 3 19 29 6 24 30 31 15 14 18 10 26 11 4 5 14 24 27 3 32 6 13 12 2 25 31 29 17 10 20 26 4 9 15 23 18 7 28 1 16 11 21 30 22 19 27 30 5 17 12
23 25 11 7 3 24 6 1 5 27 28 19 15 22 4 32 2 30 13 16 18 26 29 17 10 21 14 31 12 20 8 19 28 20 8 15 30 10 4 27 31 22 16 24 14 21 17 6 26 12 7 11 29 5 3 13 32 23 25 2 1 18 8 22 21 32 25 16 15 20 10 12 5 13 1 4 24 14 2 26 18 11 30 29 23 19 7 3 27 17 31 28 6 22 24 20 18 30 25 28 16 10 29 32 6 19 7 4 31 21 14 11 17 13 3 15 26 1 12 23 2 5 8 27 2 10 29 30 24 26 18 13 5 7 27 12 8 14 19 23 22 20 11 28 16 25 17 4 15 31 1 3 32 6 21 7 11 18 29 31
30 18 25 1 29 32 4 6 27 24 19 12 26 14 7 8 3 23 16 31 20 21 9 28 13 2 17 15 11 22 5 7 25 20 1 9 16 6 32 13 8 18 30 12 27 24 26 17 11 2 31 21 22 29 15 4 23 3 5 19 28 14 14 7 2 8 9 28 25 31 5 3 18 22 1 32 21 11 16 30 27 20 17 26 12 23 15 13 29 6 19 24 4 1 20 12 16 4 3 25 6 5 21 7 26 24 32 9 2 14 27 29 19 31 15 22 28 8 18 30 13 23 17 11 12 8 31 6 30 13 23 2 32 16 15 5 7 3 11 4 22 25 29 20 21 9 1 28 19 27 18 24 14 26 17 20 12 21 22 14
4 9 8 14 1 17 18 5 10 22 24 7 6 26 27 13 29 32 12 19 30 23 2 21 31 16 3 28 15 25 20 5 4 25 16 17 29 9 18 23 22 8 6 32 3 24 31 10 20 12 1 30 7 27 15 21 19 28 2 26 14 13 26 21 7 6 32 19 22 15 16 31 28 29 23 8 13 14 27 18 24 1 3 10 20 4 9 12 5 17 30 25 2 7 13 22 30 24 6 16 19 10 17 28 21 5 32 20 18 14 23 12 25 3 1 26 2 15 8 31 9 27 29 4 18 27 28 30 20 6 3 8 10 23 32 25 12 5 1 31 29 14 4 13 24 21 22 9 16 26 19 7 2 17 15 26 27 9 12 6
5 19 29 20 17 9 15 3 8 21 18 7 4 16 31 2 30 14 32 6 26 24 27 22 25 11 1 13 10 23 28 8 26 17 23 16 20 31 6 7 1 15 25 29 3 24 14 32 11 28 5 19 22 13 27 21 18 30 4 10 2 9 2 6 27 23 16 26 20 3 21 19 22 31 11 29 28 8 13 32 18 25 9 7 14 5 15 1 24 17 30 4 10 5 22 2 1 27 10 18 31 16 3 11 17 14 15 29 24 30 20 28 4 9 21 7 32 19 6 26 8 23 25 13 15 21 24 22 4 32 10 8 27 9 3 17 31 1 20 5 19 25 28 11 29 18 26 6 14 13 7 2 23 30 16 21 8 11 25 10
23 9 6 21 24 20 14 1 30 31 11 15 10 3 18 8 22 29 5 28 16 27 17 25 26 12 7 32 19 4 2 11 28 19 20 5 15 3 1 12 30 8 26 2 4 7 6 22 29 23 21 25 31 9 27 16 10 24 32 18 14 17 7 3 20 2 18 28 25 16 6 27 10 30 12 29 19 22 31 23 11 8 5 21 15 32 26 14 9 1 17 24 4 32 8 10 17 18 27 11 21 19 14 24 2 4 26 7 1 9 3 25 5 20 16 23 12 30 22 28 31 29 15 6 29 15 16 32 3 2 14 8 5 27 11 25 1 24 22 6 9 18 23 17 4 28 21 10 7 31 19 12 26 30 20 28 24 32 19 2
5 25 4 32 23 20 19 2 7 11 17 21 22 24 8 10 31 27 9 15 16 18 3 1 30 6 28 12 13 26 29 28 11 20 4 22 15 3 21 2 16 29 10 13 18 25 19 17 27 8 12 23 6 31 32 9 7 24 5 30 1 26 20 9 25 28 17 18 16 19 15 8 23 32 1 31 24 30 5 6 27 26 12 13 7 11 3 22 2 21 4 10 29 13 24 11 8 22 30 21 17 20 2 32 15 31 27 16 12 26 9 25 19 4 1 10 29 7 3 6 5 18 28 23 9 24 1 21 27 8 22 23 7 30 13 32 29 28 18 4 25 2 12 15 26 5 31 10 16 3 19 11 6 17 20 24 2 27 10 20
19 5 29 30 17 11 25 2 13 3 4 22 32 27 31 6 7 24 21 18 9 28 23 20 10 8 26 16 12 1 14 28 21 32 3 13 19 24 10 6 22 12 11 30 16 20 25 4 29 17 8 18 2 7 9 5 26 27 23 31 14 1 7 10 17 27 23 6 12 30 25 21 11 9 26 18 13 14 19 5 16 24 2 4 1 29 8 28 20 3 31 22 32 4 1 21 2 19 6 25 30 20 5 29 16 10 18 32 24 13 3 26 27 8 11 23 22 17 28 12 31 9 7 14 6 3 23 32 8 14 30 27 28 9 25 24 1 7 31 29 4 26 18 21 22 11 19 2 12 16 20 13 17 10 5 24 3 32 1 30
28 5 12 11 7 18 22 4 31 30 24 14 17 15 8 25 3 1 6 23 13 26 29 19 20 27 21 10 9 2 32 2 11 7 25 15 4 12 30 5 10 23 24 26 19 1 8 17 27 14 9 31 29 21 28 20 18 3 13 32 6 22 3 2 27 13 9 26 14 18 28 17 24 30 8 6 12 4 15 19 31 11 10 21 23 7 20 22 5 29 1 32 25 19 6 30 13 25 32 18 24 26 5 8 28 2 9 31 10 20 15 29 1 4 22 3 17 27 12 21 7 11 23 14 5 3 7 18 15 17 13 2 20 14 10 24 30 21 31 27 19 11 22 23 28 1 9 32 25 26 4 12 8 29 6 26 3 18 2 27
14 21 31 10 19 32 28 20 22 8 23 9 27 24 16 3 13 6 15 30 18 5 12 11 7 29 1 26 4 2 25 32 13 26 31 6 27 10 18 25 23 4 30 12 19 1 3 7 2 9 14 15 21 22 8 29 20 28 5 16 24 11 19 11 27 29 8 26 13 14 6 15 20 3 31 1 2 25 5 28 24 10 23 9 7 12 22 21 18 16 4 30 32 16 20 11 28 5 21 18 15 31 25 6 14 29 30 13 7 22 9 8 1 23 24 26 12 3 27 10 19 32 2 4 22 16 4 13 31 24 28 25 6 8 5 2 15 9 7 30 21 19 27 14 26 3 18 29 12 23 20 32 11 1 10 31 27 29 8 5
12 30 10 23 3 15 2 5 17 13 25 32 1 19 27 22 7 11 9 26 20 6 8 21 29 16 24 31 28 14 4 9 21 31 1 20 2 17 19 25 29 15 23 5 10 4 32 28 3 24 12 6 11 16 7 27 8 14 13 26 30 22 5 17 10 20 21 16 31 12 25 7 26 32 24 3 9 28 15 8 11 1 27 13 22 30 23 2 29 14 19 4 6 2 11 22 4 17 24 8 13 12 7 23 9 26 21 31 10 30 32 29 5 20 25 27 6 1 19 15 28 14 16 3 30 32 2 17 3 6 20 8 25 28 13 11 23 24 31 7 21 27 14 16 9 4 5 12 1 29 15 26 22 19 10 4 30 28 16 9
29 31 24 4 9 12 16 22 18 10 26 6 32 15 21 25 3 11 23 28 14 13 2 1 17 20 8 5 30 27 7 17 23 4 22 29 27 21 32 16 24 9 7 8 25 18 3 6 14 31 28 30 20 2 12 15 10 26 5 1 11 13 29 9 5 11 23 2 21 27 15 1 12 8 10 30 14 6 22 20 24 7 17 16 32 25 3 31 26 18 28 13 4 7 10 1 12 28 4 21 22 6 32 20 9 25 14 29 16 15 17 5 30 27 2 24 18 3 26 8 23 11 31 13 14 10 11 24 3 6 17 4 1 12 18 31 13 5 20 7 32 2 15 26 9 22 16 29 8 23 21 28 27 25 30 13 31 6 29 1
6 13 9 29 21 18 26 27 23 32 25 15 17 1 7 14 19 22 10 4 2 16 5 31 24 30 12 28 11 3 8 23 30 21 12 28 11 32 7 27 24 26 6 10 25 13 16 19 8 9 2 22 15 5 14 31 4 3 17 29 1 18 27 15 3 5 12 7 28 17 16 9 13 18 19 2 24 10 6 14 22 8 31 11 21 32 4 23 26 1 30 29 25 17 8 21 28 32 23 15 9 6 13 31 10 18 16 30 1 27 4 22 19 14 24 2 26 29 12 3 11 7 25 5 19 10 14 5 26 29 31 11 8 23 22 24 25 21 1 3 27 30 15 17 32 7 12 13 6 9 2 16 28 4 18 26 14 30 7 10
12 23 10 2 13 24 26 3 19 11 7 18 8 22 28 15 30 14 6 4 29 27 1 32 31 17 5 9 25 16 20 18 16 10 31 27 9 23 7 22 32 13 15 19 8 26 29 3 20 1 11 6 14 28 25 24 4 17 2 5 12 30 3 19 30 15 32 24 31 7 17 2 11 27 23 9 26 12 10 28 29 6 18 25 14 1 16 20 8 4 13 5 22 18 1 6 30 11 4 22 26 12 32 17 10 19 14 9 3 23 2 8 15 13 5 25 16 31 7 28 24 27 20 29 1 25 14 31 5 18 13 15 11 12 29 28 20 6 19 2 8 27 16 30 24 7 9 22 26 23 32 10 4 17 3 25 12 32 10 7
3 30 21 29 32 2 15 19 1 24 18 7 11 25 6 23 28 10 26 20 8 31 5 17 16 12 27 9 13 4 14 29 3 24 1 13 16 15 32 18 21 7 27 26 5 14 30 8 23 10 12 9 25 17 2 20 6 19 11 31 28 4 12 3 5 18 17 7 21 23 2 27 25 13 20 32 28 15 30 10 24 4 16 26 8 11 1 29 31 14 9 6 19 3 28 19 13 16 5 4 30 6 1 7 20 12 17 2 24 27 9 31 8 29 32 23 15 14 11 18 10 26 25 21 26 11 27 30 28 12 24 10 9 32 4 18 31 19 7 20 23 1 3 21 25 14 16 17 13 6 8 2 5 29 15 25 3 6 10 23
10 28 5 3 30 27 24 25 15 13 9 18 6 14 32 2 29 22 31 20 17 19 7 1 12 8 16 21 4 11 26 11 9 6 24 12 15 8 20 19 27 21 4 22 32 28 18 30 16 2 29 25 3 26 17 7 1 5 10 13 14 31 16 26 19 2 18 21 22 3 10 7 9 30 14 4 28 27 32 20 6 1 31 8 29 24 13 25 17 11 12 5 15 9 19 4 20 31 14 24 27 7 22 5 16 10 28 11 3 17 15 8 6 21 13 25 12 29 1 26 2 30 32 18 25 18 13 28 24 4 2 14 29 7 26 30 1 8 16 17 5 31 21 22 6 20 19 32 9 15 11 3 27 10 12 4 22 7 28 26
3 27 18 30 12 4 21 25 5 16 17 9 8 6 7 20 22 28 23 29 11 31 32 14 13 2 10 19 26 15 1 13 26 5 28 32 25 8 20 3 30 14 9 22 12 10 23 11 16 15 2 1 27 17 4 18 29 19 6 7 31 21 18 22 2 11 26 5 31 13 21 12 23 6 25 30 17 9 4 15 8 28 3 1 29 10 20 27 7 16 32 14 19 18 29 31 30 5 14 21 7 28 32 4 13 6 12 27 22 1 15 2 17 16 19 3 23 20 26 11 25 8 9 10 11 8 21 1 7 32 17 29 3 22 18 23 15 20 12 28 25 14 10 2 30 27 19 31 9 4 6 13 5 16 26 14 13 28 15 25
14 29 8 28 31 10 3 5 26 12 23 30 13 2 7 22 6 18 24 21 20 16 9 32 15 27 17 1 4 11 19 18 12 9 29 7 23 30 14 1 8 21 4 19 31 28 22 3 6 11 13 24 27 10 2 26 5 16 17 32 20 15 11 24 28 2 31 18 5 32 16 3 12 14 9 1 30 13 6 10 22 8 17 27 4 21 23 20 19 29 7 26 15 30 18 16 28 4 9 31 14 22 15 11 8 20 21 6 10 23 13 2 29 17 12 1 3 27 5 19 32 26 7 24 1 26 27 14 22 28 18 32 31 10 4 7 8 13 29 11 5 21 20 16 19 30 3 24 12 23 9 2 15 17 6 22 31 24 21 12
12 25 4 32 10 27 28 5 18 8 22 6 17 31 7 11 29 1 2 3 23 30 14 15 19 21 13 20 24 16 9 16 21 14 24 28 8 1 4 20 15 5 6 10 3 9 18 23 13 22 19 11 30 27 12 32 2 7 29 31 25 17 31 3 20 1 11 7 2 9 13 14 25 23 12 27 15 18 29 16 8 19 30 24 10 28 21 4 22 32 6 5 17 22 27 3 28 20 29 19 9 4 11 8 10 32 2 6 23 15 1 16 5 24 18 7 14 17 21 30 31 13 25 12 3 23 27 19 28 20 25 1 4 7 10 31 8 32 15 24 18 9 5 16 22 13 11 6 12 17 21 29 30 14 2 20 2 16 23 11
31 21 17 8 1 2 12 3 19 23 30 29 13 14 11 28 15 5 7 4 9 24 18 22 10 32 6 26 25 20 16 8 24 18 29 25 22 32 7 2 5 19 9 4 30 31 12 15 21 13 17 11 26 6 10 3 1 16 20 28 14 23 25 15 3 14 24 23 30 1 6 29 19 32 28 12 31 16 21 13 17 10 11 22 18 7 4 26 20 5 8 9 2 7 25 10 1 24 20 17 23 15 5 28 11 19 6 13 8 21 16 26 4 22 14 29 31 30 12 18 3 32 2 9 21 10 5 7 17 30 9 18 28 24 15 22 11 2 29 26 13 25 3 12 19 8 16 32 6 31 1 23 4 20 14 17 11 14 16 8
32 23 26 9 7 16 13 3 25 31 27 4 2 11 20 15 17 6 5 10 30 29 22 21 12 24 18 19 14 8 1 4 1 30 5 12 15 9 27 21 18 25 19 13 26 7 31 8 29 10 11 2 24 14 20 3 17 16 6 22 23 32 19 32 30 26 13 7 20 15 18 25 5 1 27 29 9 11 16 8 6 17 12 10 2 31 23 3 22 21 14 4 24 3 13 21 22 31 25 15 32 11 23 29 27 8 14 19 24 17 6 10 2 4 7 18 20 1 30 16 26 5 9 12 13 16 25 4 22 27 24 19 23 7 26 3 18 10 8 20 31 14 17 12 1 5 32 6 9 2 30 21 11 15 29 18 23 1 24 13
2 27 26 5 19 15 18 4 9 10 8 23 17 22 6 32 3 7 24 1 28 31 14 16 25 13 12 30 20 21 11 3 31 13 20 30 10 27 22 5 12 14 7 11 15 2 9 21 19 18 6 28 17 24 16 8 1 26 25 32 23 4 7 11 23 1 3 15 24 30 31 16 22 20 9 2 18 5 13 19 14 12 27 21 8 32 10 26 25 6 17 4 28 1 6 13 4 9 25 20 31 10 12 22 23 3 16 11 19 17 2 18 32 26 27 14 24 30 28 21 8 7 15 5 1 22 7 9 17 30 14 11 8 21 2 23 24 10 3 18 20 15 5 12 28 26 31 19 4 6 13 16 25 27 32 17 5 9 19 32
4 28 3 7 12 17 2 16 9 14 20 23 11 15 13 19 8 32 24 6 5 25 29 21 1 10 31 18 27 26 22 2 22 20 28 32 17 21 16 15 8 10 24 1 23 31 7 3 12 11 9 13 4 26 5 18 6 19 25 14 29 27 17 5 8 10 27 11 21 32 23 25 2 4 26 19 3 1 15 13 22 6 28 14 16 24 18 9 12 7 31 20 29 22 7 6 15 14 17 2 27 32 10 16 31 5 3 28 1 29 8 18 26 12 13 11 19 9 4 24 23 20 25 21 27 23 15 11 32 4 22 2 19 10 14 17 31 1 13 24 8 3 29 5 21 18 16 6 28 9 20 7 12 25 26 20 8 5 18 15
6 11 26 24 9 32 5 17 20 3 10 22 1 2 13 23 21 19 18 27 29 16 4 30 7 15 12 14 8 25 28 7 15 26 32 9 27 23 25 22 13 6 19 28 21 11 24 30 10 12 1 2 17 14 5 3 18 16 4 29 8 20 1 14 11 5 8 20 22 32 12 4 13 6 21 27 17 29 2 9 23 3 16 18 26 25 28 7 30 19 15 10 24 3 12 27 8 15 32 20 29 2 7 19 24 22 9 17 28 13 1 5 18 26 23 6 10 11 4 14 21 25 16 30 23 12 30 22 7 19 27 8 10 15 29 14 17 21 5 1 20 28 26 13 6 24 4 2 18 3 32 16 25 11 9 9 25 17 19 4
2 27 6 7 11 22 23 8 20 17 16 5 25 15 1 19 14 9 10 26 28 3 4 31 18 21 13 29 12 24 30 16 29 30 7 8 2 1 12 9 22 26 25 27 17 15 23 19 20 5 24 3 28 10 13 21 18 4 14 31 6 11 4 28 22 5 21 31 1 20 13 14 30 29 7 23 8 24 25 27 2 18 3 11 17 19 26 9 12 15 10 16 6 15 28 27 21 17 31 22 18 3 20 11 25 8 7 6 19 5 13 14 1 2 4 26 12 30 10 9 23 16 24 29 19 22 29 13 7 10 31 26 12 17 15 2 4 6 8 11 20 21 9 27 1 3 18 24 16 5 14 23 28 25 30 21 13 15 7 29
