29 11 25 8 26 15 4 12 16 23 22 7 21 32 13 14 20 6 18 2 24 9 17 3 5 27 10 30 28 19 31 20 13 16 25 31 10 3 2 12 23 18 24 14 32 21 26 4 11 9 8 7 30 28 29 6 5 19 15 27 17 22 28 20 26 18 10 17 14 16 6 15 23 31 22 27 32 3 29 7 21 5 4 11 25 8 24 13 30 9 19 12 2 31 26 16 18 9 23 15 12 17 19 28 6 13 32 11 29 25 7 24 21 22 8 3 4 10 20 27
17 10 18 3 27 11 25 26 32 28 15 7 8 30 5 9 4 14 29 16 31 13 1 23 12 24 22 21 20 19 6 9 15 11 16 24 23 26 14 12 19 10 22 20 3 17 1 32 13 31 27 30 4 5 8 6 29 21 7 18 25 28 28 13 7 21 18 31 12 11 27 17 10 5 25 24 1 20 23 26 4 30 22 3 29 19 32 6 9 16 8 14 15 3 4 10 30 26 12 19 17 21 5 15 14 13 11 27 24 18 22 6 29 25 28 31 8 23 16 32
17 30 15 24 5 21 25 11 14 32 23 28 12 26 31 19 22 20 4 9 6 7 1 29 16 10 2 18 13 8 27 12 22 16 2 4 14 23 32 17 13 15 11 8 19 21 9 20 31 10 6 26 1 28 24 27 30 7 29 5 25 18 15 23 28 17 6 22 16 5 1 7 30 26 24 14 13 21 29 18 10 31 8 19 12 25 27 9 20 4 32 2 11 30 18 29 20 23 6 2 24 26 12 1 8 7 16 4 27 32 10 9 19 11 28 13 21 5 25 14
30 31 22 17 26 19 13 24 32 29 3 9 16 23 2 18 15 27 21 6 25 8 20 7 28 10 12 11 5 1 14 6 20 13 15 30 17 18 11 27 24 7 10 23 19 8 22 28 5 26 12 29 31 14 21 32 3 9 1 16 2 25 7 29 31 6 11 30 26 27 8 19 10 5 24 32 12 18 1 13 14 25 22 2 9 15 20 28 3 23 16 21 17 5 12 1 11 21 25 30 8 14 3 19 22 7 31 23 2 26 17 10 32 18 27 16 29 13 6 15
31 8 1 10 18 2 17 32 21 20 25 15 22 4 12 7 23 11 26 9 28 27 16 19 13 30 14 24 6 3 29 3 19 11 23 1 13 30 26 6 14 21 25 18 12 20 29 22 16 31 8 15 4 2 7 10 28 32 17 24 27 9 3 21 23 31 29 24 26 6 2 11 22 4 25 19 20 28 13 14 15 16 10 9 1 8 30 12 27 7 18 17 32 25 17 18 2 11 10 24 3 29 28 8 6 16 32 4 21 7 26 27 15 20 14 19 9 22 30 23
12 10 9 11 24 8 27 20 15 28 25 31 19 18 23 4 17 14 2 30 32 22 1 21 7 13 16 26 3 5 29 15 12 29 13 7 32 16 27 9 1 20 19 10 23 21 30 8 3 25 26 22 2 14 4 5 31 28 17 11 18 24 26 24 2 25 4 8 28 3 15 32 19 14 18 21 29 9 17 5 22 23 30 13 12 7 10 31 16 11 1 27 20 10 3 2 1 25 16 14 7 11 5 23 26 13 32 8 18 22 12 15 20 28 27 24 4 17 9 19
17 9 20 25 14 21 26 16 28 23 2 3 24 15 27 4 30 13 29 6 11 18 5 10 12 19 22 1 31 32 8 20 28 21 14 9 1 23 27 22 12 10 6 29 25 11 2 26 15 3 31 5 8 13 30 17 19 16 18 32 4 24 30 16 11 26 17 3 4 21 1 2 6 8 23 10 32 24 15 9 14 22 18 13 27 25 20 29 31 19 5 28 12 17 12 23 8 21 31 10 24 22 13 15 1 11 4 3 18 29 27 9 25 5 26 6 28 14 30 20
16 26 13 11 29 24 25 17 30 4 10 22 27 7 1 23 2 12 18 3 20 28 14 6 21 9 5 31 19 32 15 31 5 11 10 22 29 15 28 19 27 26 20 3 32 21 7 30 6 2 23 25 18 24 9 12 13 17 1 14 16 4 24 10 16 15 19 21 13 3 26 31 17 29 28 23 11 4 12 18 5 6 25 32 27 14 9 20 22 30 2 7 1 9 14 12 10 3 1 31 32 26 19 6 27 16 28 24 17 29 23 2 21 15 4 18 5 7 20 11
29 19 14 4 21 13 5 26 18 28 24 7 10 11 25 8 15 2 3 6 20 16 12 27 32 17 31 30 1 22 23 15 6 20 8 22 31 32 16 18 4 24 27 23 17 25 7 28 11 13 19 10 12 14 30 3 21 5 26 2 29 1 29 15 7 25 4 31 3 8 20 12 1 14 5 27 6 32 24 18 26 10 19 28 2 23 22 13 30 17 16 21 11 13 16 28 8 23 7 21 12 3 19 29 25 15 22 5 30 11 6 32 1 17 31 18 14 20 27 26
28 16 7 25 26 30 1 2 23 9 15 27 19 31 17 11 6 22 13 3 29 18 24 32 8 4 12 14 21 20 5 24 28 6 4 32 9 7 14 13 11 22 20 16 30 21 31 12 5 15 29 26 2 18 8 27 23 19 3 1 17 25 17 11 6 24 18 4 3 8 14 31 1 19 27 22 12 15 9 5 29 20 23 25 32 7 26 13 30 28 2 21 16 4 12 20 21 15 19 22 14 29 7 8 25 30 32 24 23 18 3 27 2 13 1 6 5 16 31 28
7 30 10 14 24 15 8 2 29 21 28 17 12 25 13 27 18 19 32 31 5 1 16 23 4 26 20 3 22 6 9 21 25 4 18 6 29 16 1 12 8 19 22 15 28 13 14 20 7 10 32 31 23 27 17 30 5 3 9 24 2 26 4 22 1 12 27 20 30 25 29 21 23 5 28 10 2 6 16 13 9 17 24 18 3 31 15 32 19 14 8 7 26 16 18 5 17 8 24 20 7 30 21 26 3 31 1 14 15 29 4 6 12 13 2 9 19 22 32 27
7 2 29 14 19 5 16 3 18 26 23 32 24 31 28 13 25 21 20 30 10 6 27 15 8 4 1 22 11 17 9 31 19 6 32 25 27 28 1 22 13 23 8 4 3 26 11 21 30 10 7 29 9 15 16 20 18 14 2 17 5 24 26 15 1 25 10 24 16 11 2 7 4 31 13 9 3 21 22 23 32 30 20 18 27 14 19 28 29 8 6 17 5 4 2 20 32 21 31 3 11 28 17 26 13 6 7 8 9 1 16 15 25 30 27 10 19 22 23 29
8 9 29 2 5 26 18 4 25 14 11 21 22 28 31 10 12 20 30 3 19 7 23 17 32 27 6 15 24 1 16 1 23 21 12 17 8 16 26 11 7 25 32 27 14 19 31 22 5 24 20 4 9 2 29 18 30 3 6 10 15 28 7 15 19 29 17 2 5 23 31 11 16 10 22 9 6 25 3 8 18 26 24 14 32 30 20 1 4 27 28 21 12 28 16 12 24 14 2 19 7 18 29 6 23 32 11 1 9 25 15 4 21 31 26 30 17 10 27 3
13 3 8 9 26 6 22 10 25 21 16 15 7 5 2 27 32 1 17 11 30 4 18 28 20 19 31 12 24 29 23 32 12 27 11 29 22 30 17 13 9 10 7 19 24 1 6 3 2 18 28 25 8 20 21 15 4 5 23 31 16 26 29 25 30 6 13 23 12 5 24 26 20 18 27 3 7 1 21 9 22 10 16 15 32 2 4 17 31 19 8 11 28 28 19 16 8 11 7 15 24 26 4 2 20 3 6 30 31 23 13 5 9 25 22 21 10 32 27 18
22 18 3 5 26 4 17 7 16 30 19 2 1 21 32 13 8 9 27 12 29 11 31 28 23 20 24 25 14 10 6 8 30 22 18 4 31 1 20 12 13 10 29 28 17 21 3 25 5 6 16 7 32 27 26 19 24 23 11 9 14 2 27 31 18 4 29 6 32 22 2 21 8 10 17 13 25 28 19 9 7 11 1 30 20 5 3 16 12 26 23 24 14 30 31 9 2 10 14 18 19 16 8 29 11 21 22 13 4 12 7 5 24 26 6 28 1 20 25 23
5 25 21 30 12 23 29 32 28 6 7 4 9 15 27 1 19 20 10 22 26 8 14 11 31 18 17 2 3 13 24 13 21 26 14 25 12 9 15 2 4 18 31 23 6 29 7 8 3 27 5 24 17 11 22 1 10 30 19 32 20 28 27 14 5 7 9 2 28 3 19 24 29 13 17 1 23 25 15 31 26 10 6 22 20 18 21 4 11 30 32 12 8 25 11 3 1 28 31 9 20 24 8 5 6 17 22 15 29 32 21 4 2 14 10 30 23 19 12 13
14 32 6 13 4 25 5 11 31 7 2 29 8 30 19 28 18 3 16 9 1 20 26 15 12 24 27 10 23 22 21 29 6 32 8 23 16 28 7 9 13 4 21 11 20 14 19 24 1 22 2 10 5 15 25 30 26 3 31 12 27 18 14 2 3 16 21 25 27 6 29 12 28 11 1 32 15 8 24 18 20 13 9 7 31 26 5 22 10 30 23 4 19 9 22 29 18 19 2 7 32 8 23 26 13 25 11 4 27 5 12 28 31 16 24 1 6 30 21 20
30 16 12 21 28 25 24 20 2 22 7 32 17 29 4 3 19 26 14 23 15 10 9 11 13 1 8 27 6 31 5 17 27 28 13 26 10 30 11 14 21 5 4 15 31 23 1 29 7 8 20 22 3 2 19 32 16 6 24 12 25 9 1 29 22 9 13 26 3 12 8 30 6 32 10 27 25 16 15 19 7 28 14 20 2 17 4 31 5 11 23 24 21 2 27 20 9 6 24 7 5 15 26 21 22 25 10 4 31 29 28 14 13 23 11 3 30 1 8 17
14 2 30 9 5 10 18 4 17 28 13 25 15 11 7 26 22 32 29 6 31 21 27 1 3 16 12 20 24 23 8 8 27 15 16 20 6 24 32 26 11 3 12 17 18 9 4 22 13 14 2 28 5 21 29 10 31 1 25 7 23 30 17 2 4 22 12 29 15 28 14 21 1 32 8 10 18 26 20 24 6 23 25 5 16 9 7 27 31 30 13 3 11 24 6 8 16 20 5 26 15 10 29 3 28 23 11 2 31 32 9 4 12 13 17 30 25 22 14 1
1 10 32 31 24 21 16 7 11 23 27 22 15 8 9 26 14 5 28 3 12 30 13 29 17 6 19 2 4 25 18 13 22 19 5 11 9 28 14 2 1 18 32 3 15 4 16 21 23 29 25 7 12 24 10 8 26 27 30 17 6 31 2 25 23 19 1 14 30 21 16 27 5 28 18 10 11 13 12 24 6 4 15 26 32 22 8 9 3 31 29 17 7 18 14 29 25 27 24 32 31 12 30 5 28 10 1 21 15 26 17 9 7 16 22 19 3 6 8 11
26 5 25 23 17 13 15 8 4 24 3 9 12 32 7 27 6 10 31 28 18 2 20 14 19 30 16 1 29 22 11 11 14 7 1 23 20 17 8 16 5 25 9 19 24 26 32 29 27 18 30 22 13 28 6 31 10 4 2 3 12 15 13 20 18 22 12 28 8 6 3 14 32 31 27 15 2 29 23 4 17 5 7 24 9 25 26 11 1 10 16 19 30 8 7 18 16 1 5 29 26 11 31 17 9 24 15 22 10 20 2 32 14 23 3 13 4 27 28 12
32 29 12 21 11 19 30 27 14 31 6 10 7 5 20 23 18 17 1 3 15 9 25 13 26 4 2 24 8 16 28 21 25 10 17 18 6 7 11 26 16 13 12 5 14 27 3 15 31 24 8 30 1 19 23 29 4 2 9 32 28 20 19 4 21 11 25 20 26 7 23 32 15 6 30 3 13 2 14 18 10 8 16 17 1 9 27 5 28 29 12 31 24 23 10 32 7 16 26 11 24 21 25 4 9 19 18 2 30 14 15 31 27 28 17 20 1 12 5 6
19 16 14 27 26 18 9 2 13 4 30 25 29 10 11 3 7 8 6 21 20 15 17 1 32 5 12 24 31 28 22 11 17 14 21 25 28 16 4 29 5 31 30 20 7 3 13 22 26 12 15 1 18 24 9 19 6 27 2 8 32 10 10 19 7 25 6 21 31 5 18 30 29 20 1 26 14 8 16 12 32 9 28 4 27 2 24 15 22 11 13 3 17 1 2 4 9 18 10 16 25 8 19 29 7 13 12 6 22 27 24 30 32 3 14 21 17 5 31 15
28 30 4 11 8 17 7 22 29 15 31 27 19 18 12 9 26 20 1 5 23 3 2 25 32 14 6 10 13 21 16 21 13 10 12 20 11 6 29 26 8 22 18 1 28 23 15 3 27 9 19 14 25 4 30 7 17 31 32 16 5 2 1 8 13 6 9 11 18 7 15 20 17 5 31 30 27 23 2 28 26 19 4 14 22 12 3 29 25 16 32 10 21 20 11 15 5 27 32 14 23 1 19 6 16 22 21 18 30 17 3 8 29 28 31 7 2 26 10 13
12 10 15 24 5 7 31 18 4 13 29 19 16 9 17 23 11 3 32 26 1 6 14 27 28 20 2 30 22 21 8 21 26 27 17 9 24 4 7 18 10 23 8 2 14 3 28 32 30 29 6 31 1 13 12 16 5 11 19 22 15 20 11 18 8 16 23 1 29 28 13 5 19 3 17 22 20 32 9 12 27 31 21 26 30 7 24 10 2 6 4 14 15 18 6 32 23 1 30 27 15 22 13 17 10 20 28 19 12 31 5 7 2 14 29 9 3 26 4 16
19 28 23 31 18 3 32 17 8 4 15 2 24 25 20 10 11 5 13 27 22 9 30 14 6 1 29 7 12 16 21 19 20 2 6 27 11 10 24 8 17 1 4 18 29 13 14 12 21 16 7 22 5 25 9 30 15 28 23 31 3 32 24 19 16 9 6 21 22 12 25 5 17 8 10 30 23 13 14 20 11 1 4 3 32 2 31 15 27 18 7 28 29 30 12 1 2 5 9 22 8 27 3 25 11 31 21 19 17 32 18 24 14 6 4 15 28 13 7 20
24 13 29 14 18 22 3 20 11 28 30 4 6 19 21 25 31 16 32 2 9 7 17 5 1 12 15 8 10 26 23 32 2 24 6 18 17 9 5 3 7 10 11 28 26 8 12 1 15 30 31 4 14 29 20 13 16 25 22 21 23 19 25 26 20 15 2 10 22 5 16 23 31 8 11 18 32 14 7 21 19 9 4 6 17 24 1 28 30 13 29 12 3 12 29 25 7 21 8 18 1 10 4 26 17 5 22 23 20 28 30 2 13 31 24 3 6 14 11 9
18 6 31 21 29 24 19 11 3 15 7 32 2 20 27 16 22 8 12 13 4 5 25 10 1 17 30 9 26 23 14 11 23 13 30 26 4 2 9 24 21 3 19 7 12 10 15 5 17 31 32 25 18 6 8 1 20 29 22 14 16 27 32 26 27 9 7 6 25 22 12 4 16 10 31 23 19 30 13 15 8 24 18 29 5 20 11 3 1 17 14 2 21 19 5 13 21 14 22 15 30 8 3 18 29 1 7 6 20 2 12 17 16 32 24 27 26 25 9 10
10 24 7 20 9 12 13 26 3 4 18 11 6 31 15 14 27 19 28 2 17 22 16 30 1 32 23 25 5 21 8 22 25 20 4 10 12 6 31 9 15 32 13 7 26 18 30 16 8 24 27 5 14 2 17 11 3 21 23 28 1 19 9 8 19 22 20 31 28 21 23 18 11 10 15 4 2 12 24 17 6 30 7 5 14 3 26 16 27 32 1 25 13 8 19 25 12 16 21 3 28 31 9 1 17 2 27 30 32 13 4 11 20 5 15 10 7 23 18 24
23 31 10 4 12 22 8 29 28 2 13 5 32 7 18 25 15 16 3 24 9 21 20 11 27 19 26 17 14 1 6 15 21 11 16 2 22 24 17 25 18 23 19 3 13 6 5 4 1 27 31 9 28 7 29 8 14 10 32 12 26 20 12 6 1 8 29 7 25 22 31 10 26 3 20 2 32 28 27 5 14 24 19 16 21 18 15 17 23 4 11 13 9 4 28 3 14 22 26 12 31 10 11 32 20 18 2 24 27 15 23 9 29 17 5 19 16 25 7 13
12 3 22 4 9 10 11 2 13 23 1 19 25 18 5 17 21 15 24 27 8 16 26 32 6 14 29 28 20 7 30 5 29 32 25 12 26 6 28 11 24 17 8 20 30 10 16 23 3 4 27 7 18 2 13 19 14 22 15 1 21 9 25 9 28 27 19 6 10 20 26 7 16 13 24 1 30 32 23 12 5 3 17 8 11 2 21 14 18 29 22 4 15 9 2 12 13 15 32 18 27 14 17 29 1 26 19 24 22 10 30 11 20 16 7 23 8 25 4 21
29 27 9 26 7 23 13 8 20 22 25 14 6 11 16 4 5 2 18 15 3 28 31 30 24 21 19 12 1 17 10 25 22 4 7 13 23 14 10 19 11 16 24 15 21 12 5 3 17 28 20 1 6 29 18 31 9 30 26 2 27 8 2 27 12 26 18 8 3 25 20 13 9 31 24 17 16 21 19 11 15 23 10 14 30 28 1 4 7 5 6 22 29 30 4 17 19 2 28 10 23 21 24 11 25 1 12 31 29 5 9 3 8 6 26 22 16 14 20 13
