20 3 14 21 5 18 15 29 8 25 11 19 32 24 31 9 30 13 17 7 10 26 27 16 4 2 28 12 6 22 23 18
7 13 17 30 3 19 18 28 26 4 20 6 1 25 31 8 23 12 16 24 27 14 21 29 32 15 5 9 22 11 10 11
15 21 6 11 1 29 19 8 5 18 25 32 26 14 17 9 13 4 7 31 10 20 2 22 24 23 12 30 27 16 28 28
12 11 13 32 28 31 9 7 5 25 26 2 8 24 23 17 14 16 1 29 20 19 30 15 6 27 10 18 22 21 3 22
7 2 15 24 16 18 26 12 3 29 4 19 32 10 8 1 23 20 27 21 6 14 9 25 17 22 28 31 13 30 11 31
17 14 16 27 4 10 31 8 19 13 1 26 18 20 22 21 2 11 3 29 12 30 5 32 15 9 7 24 25 28 23 7
18 24 4 5 3 30 26 12 29 1 27 32 17 10 25 6 8 13 20 22 15 19 16 28 9 21 11 23 2 14 31 6
23 24 15 10 13 4 30 17 16 27 6 2 22 29 9 14 12 31 7 19 20 1 5 25 21 11 32 26 28 3 18 17
26 5 24 3 19 22 8 15 25 14 11 21 6 12 2 4 13 10 32 30 23 31 7 16 27 1 18 20 29 17 28 15
16 29 28 22 12 15 9 21 14 31 4 2 18 30 26 6 27 23 24 20 5 25 7 17 32 3 13 1 19 11 8 25
31 16 1 25 3 5 10 7 30 23 19 18 17 14 8 27 22 26 6 4 9 13 28 24 2 21 15 29 20 32 12 2
2 21 19 25 29 5 28 31 30 26 18 23 16 1 7 14 9 20 13 4 15 11 22 3 10 32 27 6 8 24 17 16
31 26 15 27 32 8 1 14 11 2 17 22 24 6 21 10 4 23 12 30 28 18 20 16 9 25 7 3 29 19 5 19
3 26 31 15 23 5 10 16 29 21 20 11 8 24 1 30 27 17 12 2 25 19 4 7 32 18 9 28 13 6 22 24
13 12 16 6 22 19 32 24 8 5 20 27 23 9 4 7 10 11 30 14 31 29 2 1 25 18 21 26 3 28 17 9
6 15 17 11 12 27 1 29 23 24 20 2 13 5 7 4 28 8 21 25 10 18 26 30 14 19 3 31 32 22 9 12
5 28 2 1 18 22 26 20 30 12 10 24 31 6 11 25 3 14 27 16 21 15 29 19 4 9 23 7 8 32 13 8
28 4 17 16 14 6 20 31 27 19 15 26 1 3 9 30 8 10 21 25 22 13 32 5 24 12 11 2 23 7 29 1
13 25 18 3 1 26 4 24 8 29 23 16 21 7 12 31 15 30 2 9 20 14 11 22 32 10 27 28 5 6 17 13
4 30 29 23 32 19 28 26 7 6 27 12 2 31 5 1 11 22 25 24 16 15 17 13 18 3 8 21 14 9 10 29
7 2 30 3 24 1 17 19 23 6 9 32 14 18 26 13 31 20 16 29 8 11 28 15 27 5 4 10 22 12 25 30
2 21 28 14 8 11 29 5 19 17 31 3 32 9 4 1 25 13 15 18 30 23 16 24 10 6 20 12 26 27 7 4
30 18 7 22 12 26 8 21 20 2 29 17 10 16 15 11 1 14 32 3 25 6 5 13 28 9 24 31 27 4 19 27
4 15 1 3 31 25 12 13 30 23 14 21 10 6 19 9 28 7 17 8 16 26 22 5 18 27 29 2 32 20 11 14
17 21 22 12 23 30 2 13 9 6 28 11 16 26 14 18 24 10 27 3 31 8 29 20 15 32 19 1 5 4 7 10
29 25 12 15 20 27 14 1 16 7 24 23 13 19 21 18 2 11 31 17 30 9 22 5 6 32 28 8 4 3 10 32
16 1 6 5 32 13 31 15 9 11 12 20 26 22 4 29 10 19 25 30 8 14 21 28 2 18 23 3 24 17 7 23
23 9 24 16 3 27 4 15 20 1 10 21 8 7 18 30 29 31 19 12 5 26 13 14 22 17 2 11 32 25 6 3
12 27 17 15 8 10 11 9 5 24 18 13 2 28 32 14 30 22 3 21 20 1 6 4 23 7 16 25 19 31 26 20
7 4 28 18 15 11 21 2 5 1 31 32 3 29 6 24 19 20 23 17 12 27 10 26 22 13 9 14 25 16 8 21
3 8 17 24 4 16 25 29 10 2 21 20 28 26 5 19 23 14 27 11 12 30 13 15 32 7 9 1 6 18 22 5
22 24 16 23 20 12 18 27 31 8 29 11 14 5 4 30 26 1 10 17 3 9 21 25 19 28 7 2 13 6 15 26
