15 2 7 3 5 10 12 13 8 4 6 11 9 14 16 6 4 3 8 15 11 5 14 12 10 2 9 7 16 13 10 14 9 15 4 8 3 11 5 6 12 13 16 7 2 11 2 14
16 8 12 10 4 1 14 15 6 5 9 11 13 3 7 9 11 3 1 7 15 10 12 16 14 5 8 6 4 13 6 13 15 16 4 10 1 3 14 9 12 7 8 11 5 5 1 7
4 5 13 2 16 12 6 15 1 14 11 10 9 8 7 16 7 8 12 15 13 11 5 1 10 2 6 4 9 14 4 7 13 8 6 2 15 11 1 9 14 10 12 5 16 12 8 5
12 7 14 11 5 10 13 2 8 16 9 1 3 15 6 5 1 3 15 2 6 9 12 11 13 16 10 14 7 8 2 12 1 7 14 15 5 16 10 9 3 8 11 13 6 10 6 13
15 10 6 1 16 13 9 11 3 8 4 14 12 2 7 12 1 10 11 15 16 8 2 9 4 7 3 14 6 13 10 7 14 2 1 9 13 3 11 12 15 8 16 6 4 3 2 14
15 13 2 7 1 8 16 12 3 11 9 10 14 5 4 12 7 10 15 16 13 9 3 1 4 11 14 2 8 5 8 12 4 1 14 15 16 9 11 10 7 5 2 13 3 4 15 11
5 1 14 12 10 4 13 3 6 8 2 9 16 15 11 11 15 1 9 8 3 16 6 12 2 13 4 14 10 5 9 6 13 4 3 10 14 8 11 1 2 5 15 12 16 14 2 15
15 1 2 11 13 3 7 4 9 16 12 5 6 14 10 14 3 15 13 6 11 4 16 9 5 1 2 10 12 7 11 5 9 7 10 14 3 1 6 2 16 12 15 13 4 10 3 9
2 12 15 4 3 7 13 11 16 6 1 10 14 8 5 4 7 3 8 16 15 12 1 6 10 14 2 11 13 5 6 3 7 1 4 14 8 13 5 11 12 16 15 10 2 13 8 16
3 12 16 14 8 4 15 2 6 5 13 11 7 9 1 16 7 13 5 15 2 4 11 6 3 1 8 9 12 14 6 3 12 5 14 4 8 2 7 16 13 15 1 9 11 4 12 8
7 4 2 15 1 12 13 14 5 6 10 16 3 8 9 7 15 4 3 6 2 12 9 14 10 1 8 13 5 16 12 9 1 15 16 4 14 8 2 6 10 13 3 5 7 16 6 1
8 6 5 10 7 3 1 2 11 16 13 9 14 15 4 8 9 6 2 11 15 5 7 13 16 10 1 14 4 3 7 4 8 5 11 10 14 6 1 16 3 13 9 15 2 10 3 15
4 11 7 2 8 3 10 12 15 9 16 1 14 5 6 15 7 12 3 16 14 11 4 5 6 10 1 2 8 9 3 7 12 8 4 2 5 10 14 6 1 16 11 15 9 9 16 4
15 5 8 3 11 6 4 16 13 7 1 2 12 10 9 16 11 15 6 9 1 12 10 5 7 2 13 3 4 8 13 8 12 7 2 1 4 15 16 10 5 9 3 11 6 7 5 1
1 7 11 3 5 4 14 9 13 12 16 8 6 2 10 14 9 12 1 11 13 6 16 2 4 5 3 10 7 8 11 4 3 10 6 14 13 7 8 16 9 5 12 2 1 12 7 6
2 15 1 10 14 6 3 12 13 9 8 5 11 4 7 1 3 14 7 5 4 13 9 2 11 10 12 6 15 8 10 4 8 6 12 14 1 11 15 5 2 13 9 7 3 13 9 11
