14 2 3 9 13 29 21 28 32 10 6 12 8 25 11 22
10 9 31 27 22 21 26 25 8 1 12 15 20 14 18 28
1 31 10 23 15 16 5 24 7 32 17 22 14 19 8 20
15 13 23 22 9 8 5 26 16 19 31 24 21 10 28 29
24 26 20 7 17 4 13 6 16 3 32 25 27 28 30 8
30 27 14 15 1 20 23 31 22 29 9 5 32 13 25 8
24 12 27 14 21 23 5 20 28 19 3 18 25 32 16 15
1 4 23 6 9 22 13 14 12 11 26 30 3 18 5 2
4 29 20 10 6 2 23 32 8 1 11 31 19 26 21 22
15 2 25 24 21 3 31 17 11 1 4 9 18 27 16 20
8 1 29 12 23 30 32 13 17 10 19 26 9 14 24 18
2 23 16 11 24 15 1 20 22 30 7 17 25 19 13 8
4 6 20 26 30 8 1 19 21 14 5 17 11 15 29 12
18 16 15 22 20 11 1 6 2 7 32 13 3 8 26 30
14 10 4 2 32 13 23 6 17 12 30 24 3 27 19 7
18 30 3 25 14 10 23 22 12 26 24 31 29 5 7 4
12 11 15 21 29 18 28 24 26 23 31 13 5 3 10 20
28 29 10 7 11 16 17 30 31 2 14 27 8 21 24 26
4 30 7 15 24 23 3 11 22 25 12 28 9 27 31 13
5 27 28 6 2 3 9 7 13 32 10 17 25 26 14 12
9 29 28 23 18 1 4 17 2 24 25 27 13 32 7 10
30 8 27 28 19 12 2 31 4 1 9 16 3 14 29 6
25 8 15 7 16 4 9 6 28 12 11 21 17 19 3 26
4 17 12 31 10 18 32 25 5 15 11 21 19 3 16 7
7 21 24 10 29 23 12 1 26 20 5 27 6 2 16 19
11 28 25 18 16 32 23 2 9 4 17 14 20 13 8 5
5 28 29 31 21 19 2 10 18 7 6 20 22 32 25 15
19 23 26 7 4 2 30 20 17 18 22 1 21 27 29 5
21 22 30 9 4 13 16 6 18 28 27 17 1 25 31 11
11 18 8 19 6 22 16 29 14 12 15 32 28 13 31 5
27 10 9 6 2 24 17 4 19 29 32 3 16 30 18 22
1 15 30 20 26 9 21 6 11 14 27 3 5 31 7 24
