26 28 59 5 11 39 15 6 42 22 7 16 43 36 2 34 17 47 62 13 46 25 4 29 54 30 60 53 18 3 33 63 14 52 35 8 41 32 10 51 44 27 58 40 50 55 48 31 20 38 49 45 12 21 19 57 9 64 24 23 37 56 61 26
28 6 15 31 54 53 21 52 47 10 63 48 49 36 26 27 1 30 56 55 19 4 59 23 60 43 16 37 14 38 44 34 32 12 61 18 33 45 24 13 29 62 39 40 51 3 42 11 57 25 9 22 58 64 8 46 35 41 5 20 17 50 7 32
7 55 8 25 41 6 31 30 20 19 54 28 47 2 5 62 59 46 11 61 29 15 63 34 16 38 14 40 52 17 42 23 12 39 50 43 57 51 27 60 37 4 1 36 58 32 21 26 64 33 48 35 10 9 22 24 18 56 45 49 44 53 13 46
37 12 33 35 22 63 64 17 11 3 34 43 61 16 32 50 41 47 44 60 2 15 49 25 52 19 57 46 54 29 58 62 1 28 14 10 38 40 23 26 8 51 9 59 45 13 36 53 48 55 21 20 24 42 56 27 39 7 6 31 18 5 30 29
28 54 57 15 51 16 19 11 44 41 33 20 43 61 49 47 52 7 10 48 17 26 45 64 2 1 58 24 4 25 56 40 3 46 18 14 31 29 6 53 27 32 55 60 62 63 23 37 42 50 12 34 9 35 8 30 38 21 22 36 59 13 39 20
40 51 7 30 43 29 26 36 31 59 25 48 10 44 39 41 15 54 18 11 34 33 23 17 49 5 57 63 46 35 19 8 27 21 37 24 53 3 50 4 64 42 9 28 56 61 47 58 12 45 2 32 20 52 38 62 14 1 55 16 13 22 60 19
3 43 42 23 62 35 55 12 8 30 13 49 46 19 26 44 41 52 21 27 4 51 34 28 54 47 24 61 29 36 57 58 2 60 18 14 15 38 56 10 20 11 45 53 39 17 50 40 31 5 32 33 37 9 64 59 6 48 1 22 25 16 63 50
17 36 54 40 16 20 61 56 18 14 29 58 37 28 23 60 11 24 30 35 51 44 63 15 42 57 55 27 47 41 43 1 46 45 53 10 2 32 25 52 21 3 59 5 7 33 39 31 50 6 62 26 64 38 9 12 22 34 48 19 13 49 4 36
38 3 56 34 35 46 26 12 10 47 30 52 45 24 7 37 42 16 14 61 20 41 29 39 25 60 17 48 62 22 64 33 23 54 55 57 4 49 2 43 6 31 58 13 11 27 51 18 32 53 59 36 19 21 5 63 50 1 8 15 40 28 44 42
38 30 54 8 15 52 64 4 55 32 56 43 21 59 51 33 1 27 46 19 62 60 14 53 9 22 58 34 47 50 45 26 42 37 41 61 16 44 5 31 7 48 36 39 24 6 35 17 20 49 25 28 40 57 23 2 29 63 13 3 18 11 12 21
39 44 20 31 13 9 14 33 37 15 43 51 32 59 64 26 35 30 62 42 38 16 29 17 57 61 41 10 28 45 63 21 47 49 3 6 7 34 27 18 52 23 2 40 56 19 50 8 4 53 12 54 58 46 22 60 5 24 55 25 1 36 48 52
50 15 20 58 36 4 38 35 34 59 14 28 49 63 11 23 24 46 29 27 53 21 48 10 55 3 31 16 56 44 61 26 43 30 17 60 41 64 6 54 19 42 1 32 52 45 9 25 51 22 62 7 47 18 33 40 5 37 2 13 57 39 8 15
22 15 21 57 52 46 34 35 37 24 43 59 9 28 39 64 23 49 38 53 3 44 1 17 42 10 60 33 41 8 19 16 12 63 30 26 2 62 27 61 54 56 25 51 45 11 5 40 14 36 6 58 18 31 55 29 48 32 20 7 4 47 50 61
59 18 38 4 62 29 52 60 22 40 64 36 28 50 41 7 34 55 23 56 39 21 12 17 10 53 42 25 15 8 24 6 9 32 35 20 26 58 45 54 61 11 16 43 27 51 13 63 46 37 49 19 30 48 1 47 44 3 33 57 31 2 5 53
18 11 57 13 9 61 49 20 64 38 14 47 25 40 48 6 3 8 21 30 50 27 63 37 28 32 12 5 24 45 62 52 59 1 43 42 36 39 51 22 58 17 31 29 60 10 53 16 54 26 55 19 41 2 7 35 44 34 4 46 23 56 33 12
5 32 10 30 8 24 39 25 35 13 43 55 51 1 7 40 64 33 61 59 26 52 62 3 41 12 57 37 63 45 6 34 58 18 44 15 42 28 56 29 14 38 20 17 50 60 48 54 23 22 49 36 46 2 27 19 4 11 47 31 53 9 21 22
57 12 49 35 14 4 20 51 26 19 41 1 29 2 24 5 21 39 43 28 23 18 48 13 34 38 37 15 10 30 36 7 8 9 64 52 47 53 50 63 25 27 54 31 56 60 33 6 58 42 22 44 55 45 46 11 3 40 32 61 59 16 62 39
30 36 7 6 33 55 52 4 8 62 49 14 47 34 44 24 10 21 37 15 61 3 5 51 12 42 38 25 9 64 57 23 40 22 28 53 50 13 20 16 1 63 29 54 35 58 48 59 32 11 43 2 60 17 26 27 39 31 45 19 46 56 41 57
3 52 28 55 47 31 44 20 14 32 22 27 30 24 29 48 57 58 17 40 2 46 54 13 59 61 18 8 53 43 9 34 15 16 50 33 26 23 6 5 25 7 1 36 45 60 10 63 64 38 39 12 51 4 21 37 62 56 11 42 41 49 35 6
21 29 32 37 2 7 35 52 38 58 47 5 28 57 23 12 33 18 60 49 39 31 34 54 62 43 41 64 14 48 8 55 10 15 13 4 46 1 24 59 19 50 17 25 6 36 30 56 26 40 27 44 53 63 45 42 22 61 9 51 16 11 3 5
35 4 50 56 26 49 64 58 31 57 28 61 12 16 42 3 33 51 25 41 29 8 46 38 40 36 19 22 63 2 54 6 18 20 30 45 23 1 9 47 53 48 24 43 52 60 44 59 62 27 32 5 15 55 7 17 34 39 14 13 37 10 11 10
25 16 42 29 57 6 62 47 26 3 54 46 5 10 38 4 44 49 24 40 48 58 23 14 27 52 21 64 43 12 2 31 1 36 61 13 37 50 33 8 59 35 7 56 28 41 18 17 9 63 30 60 39 15 19 11 53 55 34 32 45 51 20 16
33 27 29 60 45 44 43 20 21 17 25 48 28 5 13 9 35 36 64 12 52 57 3 31 40 51 42 19 22 63 2 49 54 56 10 15 37 1 39 59 14 24 55 4 53 30 46 26 38 7 61 8 50 34 6 16 58 41 18 62 11 47 32 41
17 18 27 22 30 8 9 31 54 3 55 64 6 58 5 13 44 26 49 46 53 37 34 10 56 52 50 41 63 60 15 38 48 59 11 16 39 42 14 32 25 57 47 45 29 1 33 43 62 35 21 19 2 51 20 28 36 12 40 23 7 4 61 48
30 11 19 34 63 8 35 55 49 53 54 48 51 12 52 10 20 7 16 18 5 62 21 9 1 60 24 15 17 6 23 50 32 47 43 3 33 31 42 27 36 44 56 22 58 37 39 45 29 38 4 57 64 13 26 28 41 40 46 59 61 2 14 47
31 15 12 44 52 1 5 60 54 56 30 49 35 14 34 50 64 29 45 7 3 4 21 9 53 43 33 27 18 2 20 36 57 38 55 46 41 39 25 51 11 37 61 40 13 23 63 17 10 47 6 16 62 24 8 28 32 48 58 42 19 59 22 1
16 30 15 44 18 64 46 57 58 34 14 20 28 12 59 5 40 32 9 43 54 1 42 47 11 7 39 19 17 50 3 53 29 41 61 60 21 35 2 8 6 51 23 48 62 10 33 24 56 36 13 38 25 22 49 26 63 45 31 4 52 55 37 59
61 51 26 13 29 16 6 58 8 60 21 48 47 17 34 24 38 40 2 19 23 53 64 11 54 30 3 12 62 35 37 10 5 18 20 14 49 22 46 33 55 1 44 63 31 27 59 25 36 39 56 50 4 7 41 57 9 42 45 52 32 43 15 35
13 9 39 17 37 24 59 35 27 31 40 19 7 55 1 15 42 3 26 63 22 12 21 36 6 58 32 2 34 5 28 48 20 45 14 56 23 41 38 57 52 60 61 4 53 30 8 64 49 11 44 51 33 62 16 47 50 18 43 10 46 25 54 4
3 5 31 18 40 58 39 12 63 49 46 38 57 56 32 45 47 20 50 64 54 59 17 51 24 62 21 43 23 13 8 7 14 11 4 19 9 41 34 16 53 37 10 2 33 28 36 52 15 35 48 1 29 27 44 6 55 22 25 61 42 60 26 63
38 32 2 22 51 43 7 10 3 41 37 54 6 20 34 42 26 40 57 1 17 30 23 33 14 24 36 47 28 52 18 64 50 49 19 55 39 48 13 12 29 59 9 60 44 61 27 62 46 56 15 11 35 4 25 58 16 63 8 21 45 5 53 33
25 23 47 44 20 24 11 58 22 43 53 57 42 33 37 15 7 6 39 9 27 16 31 48 64 54 35 59 30 8 60 45 2 21 61 17 34 14 52 28 1 4 10 40 18 26 55 56 36 41 38 51 12 13 19 46 3 5 63 62 49 29 50 2
2 57 49 37 23 40 42 54 53 14 50 31 41 62 34 51 25 7 9 13 47 28 64 10 5 3 30 22 17 21 38 19 60 39 46 48 61 55 44 56 35 20 59 12 1 24 18 32 29 58 4 52 6 16 15 36 27 26 11 45 63 43 8 31
51 46 31 8 41 6 20 14 54 24 43 49 53 25 29 47 52 10 16 63 2 5 19 11 30 56 4 27 26 23 37 3 60 48 1 64 15 39 40 44 32 7 12 59 42 33 9 38 50 61 57 35 55 62 45 21 17 13 18 58 28 22 36 49
47 21 25 16 8 9 31 24 44 30 34 29 14 46 33 61 63 58 64 57 4 20 2 32 1 48 22 26 37 45 10 51 42 60 19 18 13 23 62 11 50 53 27 49 40 54 17 15 56 52 39 12 43 41 38 28 6 36 3 55 7 5 59 28
24 17 59 4 31 27 12 56 55 33 20 42 57 64 14 40 1 5 50 30 18 49 13 32 62 48 28 41 39 63 23 11 19 52 38 47 22 37 6 8 35 15 26 46 44 51 25 2 58 53 43 29 45 34 16 60 3 54 7 61 21 9 10 8
46 39 8 53 4 13 12 41 11 1 33 43 27 47 28 25 19 35 2 40 64 63 32 60 61 30 57 29 16 5 55 58 34 50 10 36 51 20 31 14 21 23 54 49 17 6 62 22 45 24 7 56 42 44 15 18 48 59 52 38 9 3 26 55
60 23 45 2 31 7 8 18 12 40 52 9 44 1 46 29 62 47 17 34 43 11 15 4 36 3 5 28 55 20 59 54 61 22 19 39 48 6 50 56 37 14 57 24 33 63 41 26 49 30 64 10 35 27 53 51 42 16 58 21 32 13 25 40
53 41 14 1 46 37 49 51 7 58 36 60 34 20 25 19 24 47 16 40 9 11 29 50 27 17 10 15 23 4 45 44 8 56 5 63 22 61 21 48 62 28 12 55 2 43 59 52 6 30 42 38 3 31 54 32 35 33 26 13 64 18 57 17
47 39 20 9 31 61 24 44 7 42 55 19 5 51 21 54 43 33 29 52 50 63 28 38 62 10 64 58 45 36 59 8 3 15 16 32 49 57 22 14 13 23 53 1 11 56 4 37 46 34 6 30 26 17 2 27 60 48 41 12 35 18 25 38
35 64 21 61 24 63 23 40 44 6 11 57 43 34 59 29 56 58 62 20 48 55 30 4 7 37 22 17 16 42 14 31 46 26 54 32 1 52 15 25 5 8 60 38 19 3 47 10 13 53 36 50 18 51 28 27 9 49 2 45 33 39 12 23
62 26 14 22 41 33 20 46 32 53 60 49 1 12 37 54 47 30 7 10 21 27 31 18 40 51 23 43 25 52 13 5 19 29 34 63 50 64 24 4 56 16 28 15 39 36 17 3 38 45 6 9 61 11 48 58 59 57 2 35 8 44 55 9
26 15 42 30 1 47 3 49 22 61 25 18 57 39 48 20 52 34 27 59 6 12 8 11 58 4 46 23 35 37 44 14 33 17 13 53 16 51 10 38 63 50 41 28 55 7 62 9 64 56 45 5 36 31 60 40 24 21 19 2 54 32 29 45
56 17 12 2 52 45 39 10 38 7 58 42 22 35 61 48 4 13 49 46 26 63 33 32 19 62 18 21 30 31 5 8 24 53 23 37 20 14 60 47 1 54 43 11 3 36 50 6 9 29 40 41 27 55 16 15 34 25 59 57 51 28 64 54
2 53 30 31 23 24 56 26 51 48 8 61 4 15 43 55 7 34 29 40 19 36 18 50 62 22 5 33 32 27 28 11 54 13 52 58 12 47 6 60 25 41 16 9 59 14 64 3 49 57 35 42 17 1 10 20 44 46 37 39 21 38 63 43
59 15 62 28 16 13 4 18 35 40 50 52 7 61 57 12 29 42 3 19 5 2 44 48 47 45 37 60 38 6 27 1 53 56 33 63 20 10 25 26 23 32 9 30 39 58 49 64 22 51 8 11 24 14 34 31 36 21 17 41 43 55 54 3
19 60 9 17 29 38 53 1 48 55 57 27 25 31 10 6 44 3 46 4 18 43 24 8 61 62 5 49 26 54 42 14 45 63 50 20 7 16 34 58 30 12 56 11 41 64 28 59 40 37 33 23 13 52 22 21 15 36 2 35 32 39 51 25
49 50 45 8 13 29 24 14 20 64 56 9 11 32 37 31 51 25 46 27 1 55 35 10 33 7 60 42 57 61 53 40 4 6 23 38 16 26 62 28 5 19 17 34 44 21 18 30 47 15 3 43 59 2 54 36 22 12 39 58 41 52 63 24
58 15 25 60 36 19 5 42 14 45 4 23 34 55 53 64 29 38 26 7 8 17 46 2 40 31 28 39 30 9 12 54 52 41 22 11 18 37 50 43 32 51 63 3 21 47 61 35 20 16 13 56 33 62 10 1 59 24 57 48 44 6 27 34
5 45 2 33 22 4 38 39 14 32 16 7 40 57 36 12 25 62 23 17 6 34 43 8 18 56 60 42 49 15 1 19 59 29 28 31 51 61 52 35 53 27 44 47 24 48 3 21 54 11 9 37 26 58 20 30 10 63 55 64 46 13 41 7
40 15 1 26 20 23 48 24 37 35 31 42 53 27 18 34 19 3 58 29 46 10 44 2 7 11 21 9 62 6 52 49 17 13 60 36 57 43 22 56 4 50 61 47 33 12 38 39 14 63 64 41 55 16 54 45 59 28 32 8 5 30 25 58
24 64 28 45 29 39 51 37 11 12 8 3 14 26 4 20 19 31 44 60 15 54 6 22 7 21 9 16 38 30 42 62 32 57 53 59 49 17 23 25 18 1 10 40 58 5 33 27 35 48 13 2 47 34 63 46 41 36 43 50 55 61 56 11
9 63 12 59 40 14 41 50 6 45 17 18 58 13 61 36 26 29 21 25 1 27 42 31 46 30 23 28 16 7 38 32 22 60 8 11 57 56 10 62 33 48 15 4 34 52 19 54 44 51 3 47 35 20 24 2 5 37 55 43 39 49 64 14
26 13 36 55 35 23 8 60 25 58 7 29 10 16 64 2 47 49 20 51 22 27 18 1 43 32 41 9 19 15 52 44 12 53 11 63 45 6 40 59 56 17 37 48 34 21 46 39 24 14 61 30 4 33 50 3 31 62 28 57 5 38 42 44
18 62 23 38 27 40 57 5 29 28 25 46 32 56 14 1 48 4 15 47 26 36 20 51 42 7 16 41 43 30 31 58 54 10 8 44 59 52 60 6 34 22 24 12 3 33 45 17 9 21 63 11 50 39 53 64 35 13 19 61 49 37 2 37
47 15 13 25 52 48 46 30 19 2 26 55 57 41 14 64 61 33 31 11 34 38 45 42 28 50 22 16 17 4 24 18 49 21 20 60 51 5 44 53 59 35 12 62 58 36 8 63 54 1 10 29 27 37 9 3 39 6 7 43 23 40 32 62
14 9 12 21 53 1 13 54 20 63 34 60 59 61 32 10 45 48 31 56 15 25 11 28 2 42 58 35 7 39 51 30 24 49 27 40 3 44 36 6 33 19 17 46 22 55 52 16 38 29 5 64 41 50 26 23 37 62 18 8 43 47 4 18
37 28 24 47 41 64 1 17 13 55 40 32 60 6 54 29 33 44 14 52 25 23 19 16 63 53 45 50 39 22 38 62 5 48 7 27 36 20 3 56 43 18 26 31 59 15 4 10 35 2 8 30 61 12 34 49 46 9 42 21 51 57 11 51
20 11 29 2 58 27 21 31 7 38 35 32 25 47 4 56 30 13 37 63 55 26 46 5 61 57 9 44 41 52 3 45 49 16 42 1 53 22 34 15 12 6 8 40 17 28 50 60 23 48 62 14 19 64 18 39 54 10 24 33 36 51 43 27
18 43 42 38 56 39 15 23 32 7 27 40 30 5 21 48 50 24 14 61 36 63 1 31 59 47 10 17 28 62 19 52 41 37 58 16 54 57 8 44 53 45 35 6 13 4 11 51 26 34 64 33 46 3 55 49 29 22 20 25 9 12 2 64
39 25 41 26 6 34 56 49 9 47 16 57 38 46 45 64 14 4 12 51 18 3 53 23 15 5 27 55 17 11 54 21 62 48 1 29 33 28 60 20 7 43 8 31 42 35 37 13 22 19 50 32 10 24 40 36 52 58 44 63 30 2 59 13
2 56 31 4 42 48 11 25 13 29 64 22 61 35 1 16 63 53 51 44 9 30 17 46 18 55 10 50 8 32 27 5 15 20 41 6 36 14 28 7 52 45 33 19 26 40 38 57 34 21 60 24 54 47 59 3 49 43 58 39 23 12 37 56
29 17 6 47 18 15 28 13 19 56 8 62 40 45 55 24 22 60 44 26 1 49 12 33 51 21 14 36 53 20 27 23 7 5 41 57 54 50 25 43 32 58 11 52 38 64 46 9 37 30 31 16 39 3 61 59 10 42 2 34 35 4 48 30
16 1 32 22 51 50 47 17 15 49 8 4 42 28 57 44 14 35 10 33 20 38 25 59 45 7 54 56 11 30 36 61 52 58 43 31 60 40 23 3 6 46 21 27 5 63 24 12 26 53 2 9 55 48 39 13 34 41 29 18 37 19 62 60
