5 8 6 13 10 9 4 14 15 2 7 11 3 12 16 5 13 15 6 9 12 4 11 2 10 8 3 7 16 14 2 12 14 7 8 4 15 13 16 9 6 10 11 5 3 8 9 4 13 7 6 11 14 15 16 3 5 10 12 2 8 3 5 10
12 6 14 11 16 10 3 1 4 8 9 5 15 13 7 8 4 9 6 16 15 7 14 3 11 5 10 13 1 12 12 6 3 4 16 11 10 5 9 8 13 15 14 7 1 3 8 15 12 11 7 6 10 4 1 5 13 16 9 14 15 9 8 4
13 5 9 8 14 15 16 6 1 7 11 4 12 10 2 8 15 14 5 6 7 13 10 16 2 12 4 9 11 1 11 13 1 9 12 6 16 15 7 4 2 8 14 10 5 8 12 15 13 4 9 11 5 14 1 16 10 6 2 7 1 5 10 14
15 16 10 13 5 9 12 14 2 1 7 3 11 6 8 1 14 10 5 3 9 15 12 13 8 11 2 7 6 16 11 5 2 7 12 3 15 13 16 1 9 14 10 6 8 16 12 15 2 8 1 13 5 3 14 6 10 11 9 7 2 12 15 10
6 4 9 13 16 12 2 14 3 8 15 1 7 10 11 1 13 11 14 10 12 4 7 8 15 2 9 3 6 16 16 12 14 6 15 9 10 4 13 1 2 7 3 8 11 4 8 13 7 1 9 2 10 12 15 6 3 14 11 16 1 7 12 3
4 3 1 8 14 13 10 15 2 11 12 5 16 9 7 5 9 10 1 16 13 11 7 4 14 2 15 8 12 3 13 14 2 1 9 12 16 10 7 15 5 11 4 8 3 9 3 5 13 7 4 1 11 8 16 15 12 10 14 2 15 9 14 16
16 14 9 12 10 15 5 2 6 3 4 11 8 1 13 13 4 15 9 16 12 1 11 6 3 5 8 10 14 2 5 6 14 3 11 10 9 15 13 4 8 12 16 2 1 15 1 16 12 8 2 11 4 6 14 10 9 13 5 3 5 10 13 11
9 11 10 5 16 3 4 1 6 7 15 2 13 14 12 7 6 2 4 11 3 16 14 5 12 9 10 13 15 1 9 7 10 16 2 6 1 5 12 13 15 4 14 3 11 9 4 14 6 13 15 2 10 12 1 5 7 3 16 11 1 16 2 12
13 6 3 15 2 12 14 11 5 8 16 4 1 10 7 5 2 10 13 12 15 1 7 11 3 6 4 14 8 16 13 3 15 1 5 16 8 7 2 14 6 12 11 10 4 10 4 12 16 14 11 2 6 5 7 13 1 15 8 3 6 16 13 2
15 11 7 8 12 16 13 14 5 4 3 1 6 9 2 15 9 5 16 2 3 13 6 8 11 7 1 14 4 12 5 16 11 15 6 3 8 7 2 9 14 13 4 1 12 1 15 13 6 11 4 9 3 14 2 16 8 5 7 12 1 4 3 7
7 12 10 6 13 1 2 8 15 3 4 16 5 14 9 12 5 8 15 7 14 10 4 6 16 1 2 13 3 9 14 16 13 10 3 5 12 1 2 15 9 4 8 6 7 16 1 12 4 10 13 15 2 6 7 8 5 14 9 3 7 14 16 13
13 4 6 10 5 9 11 15 2 7 14 16 8 1 3 4 9 2 14 6 16 13 15 3 5 1 10 8 11 7 7 16 2 3 10 1 11 5 15 6 8 9 13 4 14 15 8 1 6 10 2 9 13 7 14 4 16 3 11 5 13 5 4 8
9 2 4 6 12 7 10 1 11 14 5 3 16 8 15 4 5 14 11 6 7 3 15 1 9 16 12 10 2 8 7 14 8 5 16 12 15 9 6 2 4 11 1 3 10 6 3 15 8 2 9 4 14 7 5 11 1 12 16 10 9 11 7 12
8 4 13 16 1 11 5 7 12 6 9 2 3 15 10 2 15 16 10 1 4 9 11 6 8 7 3 13 5 12 4 15 10 9 12 16 2 3 8 13 5 1 7 6 11 6 1 12 15 7 5 9 16 11 2 10 8 3 13 4 3 6 11 15
14 12 5 4 3 16 1 6 8 11 13 10 2 9 7 10 4 6 14 1 8 16 11 3 7 13 12 9 5 2 4 14 6 1 13 10 7 5 16 8 3 11 2 9 12 6 10 3 13 4 1 14 11 2 16 7 5 12 9 8 6 4 2 14
5 9 11 1 6 3 12 2 4 8 14 13 10 7 15 4 9 10 1 13 5 2 7 14 15 12 8 3 6 11 12 13 14 11 10 8 4 15 9 7 6 3 5 1 2 9 12 10 14 11 4 3 8 13 15 1 7 5 2 6 6 11 9 8
