5 6 7 12 3 15 2 13 10 9 14 11 16 8 4 4
5 16 13 15 3 12 7 4 11 6 8 14 1 9 10 14
10 15 9 12 5 4 14 8 1 11 13 6 16 7 2 6
13 15 10 11 7 1 9 6 14 5 16 12 8 3 2 1
11 7 12 14 1 13 16 6 4 3 2 10 9 8 15 16
1 14 10 5 7 9 15 3 16 13 4 8 11 2 12 3
9 12 1 2 14 11 6 13 8 15 3 10 4 5 16 13
7 2 4 5 13 12 9 1 16 3 15 10 11 14 6 11
4 3 7 12 6 14 8 5 16 13 10 11 15 2 1 10
14 2 13 16 1 6 5 15 7 4 3 11 8 9 12 9
10 1 6 16 12 15 14 7 9 5 8 4 13 2 3 8
5 13 15 14 1 16 4 11 9 10 8 7 2 3 6 15
2 3 15 7 12 1 10 14 11 9 5 8 4 16 6 7
15 9 3 13 4 5 12 11 6 7 16 10 8 1 2 2
13 3 6 7 14 12 5 16 11 4 10 2 1 8 9 12
4 7 8 11 10 2 3 5 6 1 15 14 12 13 9 5
