12 16 4 8 27 30 17 20 5 26 28 18 23 9 11 31
17 20 28 22 16 29 13 12 25 6 30 5 4 31 19 7
12 6 8 9 27 14 29 21 16 18 22 4 10 31 19 23
11 17 7 20 3 16 13 25 30 2 15 23 5 1 8 19
12 21 30 16 2 1 9 31 32 4 8 14 11 13 18 23
26 22 10 18 16 24 29 8 13 25 3 9 11 21 19 2
29 4 11 15 19 14 17 13 20 25 2 28 23 18 27 21
27 6 28 1 29 16 3 24 23 15 4 26 9 5 30 31
29 18 25 30 3 23 1 26 22 31 5 15 11 17 8 6
6 14 11 28 12 32 16 30 21 29 31 22 19 27 3 17
21 23 7 17 6 25 15 32 9 4 24 19 13 5 10 1
5 29 2 27 28 18 15 22 10 3 25 24 21 1 13 14
6 14 31 2 25 4 7 21 11 29 28 5 18 12 15 19
15 10 23 27 3 24 12 5 32 20 19 21 26 18 13 7
29 13 7 11 24 8 25 23 28 31 9 14 4 12 27 20
21 29 31 23 6 3 10 2 20 5 19 4 1 8 22 30
10 19 4 20 26 2 29 25 9 7 27 1 32 22 30 11
20 28 31 30 1 7 13 14 12 32 5 9 25 6 3 19
18 14 2 16 7 11 4 10 6 3 23 13 27 17 26 20
22 4 16 18 7 15 32 26 17 14 1 28 2 24 31 19
7 26 14 16 5 11 12 31 6 27 13 24 3 10 29 30
31 32 24 6 30 3 9 10 16 27 26 17 20 28 12 2
5 11 26 8 15 16 9 30 7 3 32 1 19 14 24 4
32 11 23 21 26 14 27 29 6 8 30 22 25 15 12 20
6 11 32 4 28 2 9 12 26 15 27 7 17 18 13 24
9 19 17 24 21 32 22 25 6 28 23 29 1 14 20 8
3 10 28 8 22 32 7 1 21 12 24 14 15 25 17 19
20 25 32 2 13 31 7 10 1 8 18 15 26 22 12 27
21 24 8 3 2 17 10 9 26 16 7 13 6 15 12 30
2 1 4 10 5 9 24 8 32 22 21 23 16 18 17 29
16 22 15 18 8 32 13 5 21 10 3 2 20 28 9 1
23 25 10 18 24 17 14 31 11 28 5 22 26 27 30 20
