24 18 38 12 2 28 54 61 32 34 20 35 10 19 13 40 29 21 50 31 45 64 41 44 15 58 62 23 26 4 55 7 48 63 30 59 22 27 25 11 3 57 56 33 43 36 17 16 9 46 42 39 47 49 52 5 8 53 60 14 37 51 6 11 63 29 44 10 13 16 56 20 35 2 48 40 62 6 19 45 58 4 22 55 59 5 57 42 46 51 39 53 36 9 23 50 43 52 12 7 60 61 26 25 18 49 3 24 8 21 38 28 54 14 34 32 33 30 64 31 47 15 41 27 37 17 53 38
15 3 32 10 42 31 28 35 63 29 33 54 6 1 49 12 52 50 9 37 11 53 8 26 57 30 60 38 48 44 41 5 20 36 17 47 64 39 27 46 18 55 24 45 14 4 13 19 51 62 25 16 58 61 34 22 43 56 23 59 7 21 40 45 16 36 4 12 23 30 24 50 20 15 42 63 7 31 26 48 37 51 60 59 53 9 46 8 33 28 40 57 62 39 11 29 32 55 5 27 54 38 47 21 44 22 61 3 56 58 17 41 6 13 18 52 1 49 19 25 10 34 43 64 35 14 28 26
39 61 9 56 1 5 27 62 53 19 10 20 35 34 37 48 58 11 59 50 33 14 7 41 8 54 18 40 25 15 24 13 26 23 64 22 12 44 43 60 52 21 38 29 42 2 30 32 4 16 36 57 46 28 51 6 55 31 63 47 49 17 45 38 48 54 5 42 50 30 23 46 27 31 58 16 44 63 9 34 35 20 25 53 19 52 32 56 43 55 33 4 40 26 45 64 22 12 62 15 59 17 49 7 60 57 36 28 47 2 39 1 8 29 51 18 37 6 14 24 11 41 13 61 21 10 50 12
30 38 39 1 8 56 22 12 29 53 28 46 51 49 17 32 6 23 52 54 5 13 40 3 36 60 61 25 11 31 50 34 21 14 35 7 24 59 55 16 43 64 41 45 27 33 2 48 26 62 57 9 47 15 42 63 44 10 19 20 37 18 58 38 59 62 1 6 15 63 45 18 23 29 12 19 13 39 52 22 51 35 28 26 53 33 55 14 10 61 56 27 20 25 54 41 42 2 46 34 5 64 40 57 37 21 3 49 16 43 30 50 9 32 31 48 8 47 60 44 7 36 11 24 58 17 55 14
16 18 37 12 1 35 9 27 19 8 39 31 13 21 59 55 7 17 29 10 24 2 63 38 15 45 51 43 28 64 23 20 49 60 36 32 3 34 25 6 52 42 41 58 48 26 50 46 47 54 44 56 22 57 61 53 30 40 11 4 14 62 33 3 53 41 1 34 31 48 60 16 18 17 61 13 11 9 64 36 10 7 23 47 35 12 54 50 29 14 21 24 52 15 44 55 46 51 37 45 42 58 56 57 38 33 39 40 28 43 32 6 19 49 22 20 62 27 8 2 4 26 59 30 63 25 19 48
18 53 54 29 20 17 5 10 3 52 48 7 61 58 36 40 41 57 34 4 50 16 45 28 11 35 55 8 39 44 24 15 64 49 31 33 9 43 27 23 32 37 22 51 30 25 38 56 62 63 46 59 14 19 60 12 47 1 13 42 21 26 2 36 20 27 59 26 19 46 28 25 50 24 54 53 33 39 58 38 31 45 8 7 55 29 1 16 43 47 32 22 5 64 17 62 42 11 21 35 15 56 60 41 34 23 44 49 37 2 30 51 3 40 18 4 48 10 12 61 63 14 13 57 9 52 15 40
1 62 48 49 58 9 12 47 11 8 41 26 31 34 21 46 40 27 18 17 19 24 43 44 54 57 25 60 30 3 51 45 4 38 2 22 36 10 55 32 64 50 53 16 23 56 15 63 52 61 29 5 39 42 14 6 20 37 33 59 28 35 13 14 36 47 63 39 45 55 57 43 41 62 44 5 40 64 2 13 6 1 11 19 12 25 24 9 49 28 48 59 38 46 3 16 56 18 51 60 30 61 33 31 54 37 53 4 42 27 17 32 23 58 10 50 22 26 8 34 21 52 29 15 35 20 60 48
63 9 59 42 1 55 32 7 20 12 44 43 50 64 22 53 29 27 19 16 48 37 13 54 36 58 38 49 57 2 21 40 62 33 4 47 39 31 6 25 60 18 46 11 23 30 5 24 14 56 28 10 17 45 52 34 35 51 61 15 41 3 26 58 45 7 26 13 61 4 38 40 39 32 46 43 42 64 27 5 18 57 3 63 20 37 52 15 47 48 22 2 53 10 28 23 35 12 6 16 31 56 33 34 36 17 9 54 30 11 49 62 59 55 19 51 44 1 50 60 24 41 14 25 29 21 10 20
5 13 10 59 11 37 31 2 7 50 41 38 44 8 53 42 4 12 17 3 34 24 19 63 32 29 22 15 6 20 55 51 23 21 61 47 1 56 26 14 39 48 25 16 27 36 54 52 60 18 45 49 28 46 57 43 33 64 40 35 62 58 30 36 55 57 45 23 15 62 2 35 37 6 18 25 3 42 64 1 30 31 53 21 39 48 22 63 10 14 49 61 29 41 50 60 5 11 51 38 40 33 59 52 16 13 19 46 27 4 47 12 7 20 34 56 24 32 54 28 43 58 26 17 8 44 53 56
45 6 19 53 22 59 16 63 51 34 42 49 60 3 29 4 2 62 58 38 30 52 12 7 31 57 28 18 11 55 9 40 24 36 39 23 17 43 46 50 1 35 56 41 15 26 32 25 37 21 20 44 61 8 33 13 27 5 47 54 64 48 14 57 26 53 50 29 60 38 59 19 36 56 63 24 2 55 27 9 21 52 11 42 20 49 30 40 44 45 31 7 16 28 4 37 54 34 58 62 22 48 35 47 8 17 12 46 13 64 6 32 14 3 23 5 15 33 25 41 18 43 1 39 51 61 30 8
15 13 52 37 61 33 48 55 12 54 41 34 26 45 60 9 59 58 47 17 27 35 39 4 21 62 44 32 6 2 19 30 51 16 14 53 56 25 10 22 50 3 63 18 49 42 1 8 43 5 7 28 64 36 40 20 31 38 57 23 24 46 29 34 56 27 50 39 29 26 45 14 25 43 42 53 32 64 23 9 58 7 52 17 4 40 61 46 21 30 5 36 38 48 20 10 47 55 35 31 33 19 18 15 54 28 60 22 1 62 57 59 2 63 51 3 6 13 37 8 41 12 49 16 24 44 12 31
33 27 61 34 3 32 40 37 59 4 38 41 15 44 8 62 60 48 24 63 7 64 47 10 49 14 13 51 20 55 56 35 30 19 53 46 39 25 52 31 11 1 2 6 9 28 26 29 36 21 23 58 22 42 50 17 57 54 45 43 16 18 5 5 45 42 39 8 25 31 38 20 52 64 34 13 24 59 7 56 54 55 43 27 40 4 44 1 63 16 10 19 30 14 17 11 2 60 9 32 57 50 22 26 61 29 18 15 33 35 41 36 6 46 37 51 62 48 3 23 49 47 53 58 21 28 11 3
32 5 12 58 29 31 19 43 18 4 3 44 35 8 25 7 46 45 47 37 15 60 11 55 62 64 59 1 51 52 61 56 42 24 34 6 10 40 23 9 20 16 50 21 22 17 41 27 14 2 57 26 33 63 49 28 53 30 39 54 48 38 36 9 41 19 44 37 39 59 40 55 1 56 2 58 45 48 29 5 46 14 35 33 11 24 53 28 38 4 30 43 42 61 3 60 17 49 22 27 62 52 8 47 6 54 12 31 34 57 21 15 18 50 63 25 16 51 23 36 32 20 26 64 7 10 29 31
44 58 13 20 59 33 35 63 36 26 39 32 24 25 53 31 11 51 57 1 42 27 4 48 64 49 16 5 61 50 23 30 55 12 52 19 29 6 37 46 21 38 28 7 22 54 2 8 40 17 60 3 62 15 56 9 43 18 45 34 10 41 47 48 58 8 59 13 31 43 46 6 52 28 37 60 22 19 26 5 18 9 27 40 39 38 49 32 35 36 11 44 41 56 54 12 30 50 45 24 63 21 53 15 62 1 3 16 51 29 7 17 25 42 61 2 20 64 57 10 55 4 34 47 23 33 50 4
55 23 28 2 63 56 61 43 7 32 48 59 47 25 5 3 33 8 37 64 38 40 26 10 20 58 16 17 19 30 45 4 9 50 41 62 11 14 57 1 53 51 21 39 12 35 24 6 22 34 52 27 60 49 54 29 31 46 44 36 42 18 13 24 51 50 27 64 35 25 39 38 16 42 7 56 23 33 36 14 47 20 2 58 41 10 54 6 60 5 31 3 28 12 63 22 29 52 37 46 43 21 19 48 1 8 13 44 61 4 40 62 11 59 49 9 18 34 55 32 26 57 30 53 17 45 6 38
11 43 5 49 46 58 38 14 62 33 13 42 26 47 15 30 45 29 61 19 56 7 2 24 34 17 57 59 55 18 50 6 1 9 4 10 22 21 37 12 64 27 36 32 52 44 8 48 31 35 63 20 53 60 3 25 23 41 51 28 39 54 40 24 39 19 30 34 29 49 27 61 8 55 63 50 56 40 33 60 36 64 4 41 3 9 57 11 21 32 46 6 38 45 2 44 28 26 15 5 20 42 22 54 51 53 37 13 31 1 14 18 7 59 12 62 10 47 25 52 23 35 48 17 58 43 36 37
39 23 35 56 64 26 1 24 40 21 15 22 37 5 54 6 16 25 48 18 55 59 31 11 30 43 49 27 14 28 10 8 44 53 19 63 46 61 41 52 9 20 12 47 4 50 29 13 38 58 45 51 33 36 62 3 32 2 57 7 42 60 34 15 27 47 4 10 60 54 7 41 42 19 32 18 20 58 3 43 33 61 56 50 40 62 14 57 12 29 2 38 51 1 35 28 23 34 37 44 53 21 48 5 24 6 45 9 63 46 31 11 22 16 52 8 30 36 25 49 13 26 39 64 55 59 23 64
49 10 52 44 15 64 7 33 37 58 8 53 29 28 1 63 20 27 23 17 38 42 24 59 61 25 50 57 26 43 4 6 39 55 56 9 46 60 62 48 21 54 3 19 11 32 47 2 5 16 35 30 40 22 14 34 36 41 31 13 45 51 12 61 51 6 63 30 44 29 58 31 28 52 21 23 41 35 62 15 10 14 60 9 40 38 59 5 54 56 46 48 11 12 25 45 19 16 33 39 43 47 17 34 57 49 1 2 4 32 7 42 22 55 37 64 3 36 50 53 20 26 13 27 8 24 26 23
34 51 25 22 38 45 16 31 23 20 33 11 41 28 27 21 50 56 10 12 30 36 53 5 39 29 2 32 24 47 59 57 40 42 14 7 13 46 60 43 18 4 15 6 62 37 26 3 61 64 9 1 44 54 17 55 52 48 8 63 49 35 58 30 63 4 34 27 6 28 43 37 8 7 62 18 23 58 32 50 53 54 48 61 55 46 57 11 52 47 36 20 35 64 17 9 59 5 38 40 42 13 49 2 26 22 31 24 45 14 60 41 10 12 16 29 39 56 15 1 44 25 21 33 51 3 47 5
27 53 58 57 3 17 16 59 33 25 10 9 40 1 12 39 8 15 41 43 38 61 42 24 60 63 21 55 18 36 51 5 45 56 14 50 47 62 32 35 46 19 26 6 29 52 13 31 54 34 37 28 11 23 7 48 22 4 64 2 30 49 44 43 22 5 58 52 15 36 39 53 30 25 31 17 50 21 23 11 32 35 8 54 19 47 57 34 10 40 1 62 46 24 6 63 49 18 64 3 33 44 13 41 59 7 16 60 27 48 51 45 29 14 38 9 28 4 37 55 12 61 56 26 2 42 8 59
36 61 56 3 9 41 13 27 62 54 64 14 38 15 48 52 34 55 4 35 44 22 7 26 60 6 24 42 47 58 33 30 53 8 20 51 12 40 46 17 39 57 43 25 45 29 11 10 32 1 28 5 16 49 23 37 31 63 2 59 19 18 50 12 8 32 15 31 54 60 16 42 52 51 18 7 30 14 61 22 33 24 26 17 38 56 46 3 25 62 19 13 9 27 10 35 41 39 2 48 45 55 6 37 4 5 59 64 53 63 50 36 23 57 1 44 28 40 20 29 47 34 49 43 11 58 52 33
12 31 29 9 39 61 35 44 62 50 28 30 5 47 36 55 7 24 18 58 11 56 21 8 48 34 32 23 4 19 13 60 33 27 53 64 49 59 40 54 51 3 2 15 26 43 14 38 46 10 17 37 16 1 25 45 63 42 20 41 57 52 6 13 27 55 15 7 31 21 23 49 42 33 3 51 20 59 8 19 64 41 32 29 6 28 38 10 43 39 56 18 45 50 60 53 62 52 25 16 61 1 9 34 30 14 24 12 40 4 57 47 17 46 2 35 63 11 36 37 48 44 5 54 26 58 57 49
30 35 17 57 5 25 26 11 42 9 29 6 1 48 60 43 47 38 27 21 39 36 59 49 53 54 61 51 14 58 19 37 62 40 63 18 20 2 4 24 12 55 10 45 56 31 50 44 64 32 28 16 7 34 33 15 52 46 3 13 8 41 22 62 19 47 50 3 48 31 42 6 11 56 26 64 41 46 57 9 32 36 61 17 22 39 49 8 35 10 45 7 52 27 12 20 25 21 4 44 53 13 18 38 63 40 14 55 60 58 16 34 2 15 51 43 30 37 33 1 54 29 59 24 28 5 17 18
60 35 4 47 49 9 17 53 27 11 44 23 16 1 20 36 6 51 3 19 33 8 43 62 42 39 13 29 46 18 2 50 48 30 7 15 45 59 14 21 28 63 34 41 31 55 12 26 56 64 32 58 5 10 37 54 22 61 25 52 40 38 57 34 35 55 37 40 39 52 12 58 14 16 15 26 13 59 43 19 49 5 31 20 21 17 41 2 29 38 27 46 61 23 51 11 45 6 42 3 28 57 53 62 47 22 8 9 1 48 36 30 25 32 33 10 7 64 56 50 4 63 60 44 18 54 42 44
59 26 18 53 5 64 32 62 54 19 49 2 35 40 7 52 39 11 1 33 37 17 42 21 47 48 4 36 20 8 14 28 55 60 13 46 45 50 16 58 23 15 30 63 31 12 38 9 44 56 57 43 22 27 6 24 29 51 41 3 61 10 34 15 58 43 20 10 16 56 55 57 7 24 41 12 33 34 21 31 45 3 60 47 19 11 64 37 4 44 22 42 6 46 48 50 61 1 13 5 9 40 2 27 62 26 23 36 51 38 59 35 8 39 17 49 52 32 29 54 14 30 28 18 63 53 39 45
36 48 23 20 42 41 40 64 60 24 4 38 43 1 30 57 46 32 17 47 3 62 11 27 54 58 28 18 63 49 53 39 14 9 25 37 2 22 55 7 10 12 59 5 8 45 52 6 21 44 19 15 51 34 33 61 31 16 29 13 50 35 56 49 42 46 39 51 14 62 54 2 12 3 9 56 47 52 7 57 60 63 10 34 35 4 30 15 53 50 23 24 58 20 37 48 25 17 43 55 5 21 33 41 1 11 40 44 31 32 8 27 18 64 16 36 6 45 59 19 22 13 61 28 38 29 18 2
6 4 17 10 47 22 31 46 29 44 43 54 32 42 50 59 64 52 35 9 25 36 45 7 60 62 51 20 13 2 23 26 33 30 21 49 57 5 12 41 58 56 38 8 34 61 15 1 39 3 24 14 19 37 18 55 53 28 16 11 48 63 40 21 20 25 36 2 33 10 28 46 57 59 49 14 15 42 29 13 51 18 9 52 63 8 35 3 26 62 38 5 53 45 32 30 48 11 43 19 47 50 39 37 17 23 22 55 31 56 16 24 12 34 1 6 54 41 4 60 44 7 64 58 40 61 28 52
1 29 6 62 39 44 64 35 19 41 46 60 27 50 48 24 5 12 26 54 30 45 32 21 18 10 37 61 23 63 31 58 9 14 3 17 59 53 33 38 49 34 20 16 47 42 25 36 8 22 51 40 2 57 56 43 55 13 52 4 11 15 7 17 57 27 22 8 60 26 64 29 13 34 23 45 2 25 12 21 5 18 16 19 37 61 56 20 48 63 4 36 10 49 41 35 58 46 7 33 15 14 1 55 30 11 32 3 43 38 42 39 47 31 53 51 40 54 24 62 52 6 44 9 59 50 2 27
63 7 34 50 37 31 22 43 56 5 13 11 12 15 47 54 46 48 57 17 38 27 52 42 53 1 41 33 16 2 23 44 35 59 6 39 61 36 62 60 14 58 49 64 20 40 19 3 26 4 32 18 9 51 30 10 55 45 21 25 24 8 28 64 2 19 52 50 63 41 3 47 1 27 45 35 48 54 5 28 56 51 38 16 6 22 20 21 15 36 26 49 55 39 30 61 43 31 12 60 14 10 9 17 57 18 58 46 62 4 24 32 25 42 7 34 8 44 33 11 40 37 13 59 23 53 13 40
48 2 57 10 40 17 20 18 63 19 25 26 8 46 16 49 53 35 51 4 29 60 39 33 13 56 22 55 34 54 64 6 1 32 45 3 44 37 31 7 61 42 50 23 9 28 38 47 62 41 5 24 12 14 15 27 43 36 58 59 21 11 52 40 53 10 14 38 9 18 50 15 12 11 25 39 64 60 47 31 7 17 8 1 62 55 5 63 16 45 43 22 23 19 54 48 4 44 49 2 42 34 46 51 35 57 56 41 28 13 20 27 32 21 59 6 37 24 61 29 52 33 3 58 26 36 10 35
33 37 45 39 10 43 59 15 18 13 36 1 24 62 5 34 53 23 2 55 58 44 19 40 4 6 17 52 22 46 21 16 11 56 35 54 27 61 20 41 28 30 60 12 29 14 38 57 32 49 47 9 8 25 42 63 64 3 50 7 51 48 26 21 1 22 7 42 34 58 36 2 52 64 48 56 3 13 51 60 20 24 27 47 23 28 62 17 45 30 14 11 15 35 50 9 10 16 40 54 8 26 19 25 63 41 49 55 43 18 39 57 6 5 46 4 44 29 59 12 61 32 37 53 38 33 13 11
10 14 58 45 27 47 25 2 28 35 50 44 33 43 60 12 20 29 36 6 46 61 55 52 63 34 48 54 59 37 39 38 62 51 13 17 19 41 56 7 49 22 42 15 3 31 9 26 11 4 18 1 40 30 16 53 5 64 24 8 21 23 57 55 30 33 53 58 39 14 13 48 24 40 31 7 64 2 29 45 59 51 49 43 26 16 34 35 60 41 10 38 46 44 56 36 27 54 37 23 57 6 17 50 22 1 15 61 21 20 3 9 12 28 63 19 25 5 47 11 62 52 4 8 42 18 62 54
58 43 28 57 16 54 15 60 6 34 9 38 62 36 27 8 30 47 10 49 7 52 45 39 19 21 64 13 17 26 24 48 18 41 29 61 56 50 20 3 1 63 42 31 23 4 46 35 25 5 59 32 2 22 12 51 37 44 11 55 53 40 14 41 43 49 39 15 6 4 31 10 53 1 63 19 7 30 56 55 28 40 59 16 36 25 14 23 29 22 50 13 62 17 61 37 11 57 34 8 32 64 51 18 2 24 38 20 9 54 3 35 52 26 48 5 46 45 21 60 58 44 12 47 27 42 58 21
35 6 36 60 1 29 58 44 27 24 30 39 11 4 61 7 26 9 23 2 31 33 45 57 64 55 22 3 42 40 21 50 17 54 49 8 51 28 56 41 53 32 38 47 46 15 63 43 20 5 12 14 59 52 13 18 48 25 62 16 19 10 37 39 13 47 5 31 9 51 30 37 8 4 14 41 53 21 11 27 35 19 28 10 17 43 64 45 52 38 55 29 62 46 48 42 3 59 60 16 6 26 44 12 57 18 56 33 2 32 61 7 58 25 15 40 22 36 54 20 50 63 23 1 24 49 61 63
49 39 62 60 58 5 61 41 17 38 15 48 9 55 52 37 19 53 33 18 6 57 21 24 14 51 36 63 16 26 20 1 3 43 23 50 13 7 54 56 46 12 10 11 8 22 25 47 2 29 27 28 30 4 59 32 31 40 45 42 34 64 44 16 7 30 27 22 33 50 13 20 63 51 6 15 9 44 23 31 61 38 18 5 3 57 26 21 52 19 49 56 46 47 60 25 36 34 8 11 48 32 14 53 29 37 17 64 41 59 55 24 58 54 62 2 39 4 42 43 12 28 1 40 45 10 30 44
49 7 23 48 24 52 1 58 63 29 3 44 61 43 8 2 17 39 64 32 35 4 6 51 12 46 11 55 38 37 10 31 9 59 16 22 19 30 56 60 45 47 13 62 25 53 54 27 20 26 5 40 42 41 28 34 14 50 18 33 57 15 21 8 58 27 22 13 21 15 3 1 42 38 35 61 17 16 14 4 31 32 52 62 49 6 11 55 19 48 39 47 51 23 44 18 50 25 33 60 43 59 54 20 53 30 26 64 45 46 5 10 12 34 7 2 56 29 41 28 9 40 37 24 57 63 16 59
62 28 3 20 43 41 26 46 7 30 47 50 6 38 33 60 8 40 44 52 1 15 49 17 23 19 5 22 61 27 31 48 12 36 53 24 35 13 57 2 54 59 21 64 4 25 18 45 10 58 9 55 56 14 42 16 39 51 29 32 63 11 34 33 11 32 50 2 62 52 40 43 12 42 63 14 44 38 51 23 55 22 16 1 30 31 61 56 19 5 35 60 49 58 47 39 6 20 34 7 8 17 4 28 3 29 9 15 64 45 36 26 54 27 10 24 59 48 57 18 25 53 13 21 41 46 62 16
46 64 31 30 28 45 19 39 20 22 43 33 51 27 35 61 40 53 48 10 8 2 23 7 12 41 42 3 15 44 56 24 63 1 55 36 58 16 21 5 32 4 18 9 50 52 37 49 13 57 59 54 6 11 47 25 17 60 14 34 62 26 29 56 2 49 11 6 43 12 54 46 34 26 33 37 30 21 15 7 63 22 53 39 60 17 59 44 45 48 51 1 5 8 40 36 13 23 31 19 41 32 25 42 16 18 35 62 47 14 50 58 52 28 4 55 10 9 3 24 20 64 27 61 57 29 1 15
36 43 8 12 42 34 62 58 38 17 24 27 46 5 11 2 33 14 16 61 64 21 48 63 59 3 54 47 30 44 22 18 15 19 52 6 26 50 23 41 49 53 7 1 29 25 4 51 31 13 56 35 37 9 20 45 10 55 57 28 32 60 40 41 6 8 32 53 25 29 62 48 23 31 47 16 11 30 44 26 12 10 61 60 51 14 54 56 58 37 2 55 1 22 34 7 35 63 27 52 19 9 59 36 64 49 38 57 20 18 5 28 15 21 45 42 24 43 3 50 13 40 33 46 17 4 43 25
2 7 47 6 61 60 17 41 4 33 13 11 15 46 28 32 39 30 56 23 10 62 51 58 19 21 20 45 36 44 35 59 55 18 26 3 27 37 38 63 57 43 24 22 34 1 31 12 29 50 9 49 8 25 42 52 14 5 64 16 53 48 54 31 13 37 55 32 19 24 45 11 52 51 54 43 56 29 27 2 18 47 41 21 10 46 35 62 3 23 60 9 28 61 5 36 50 14 34 25 12 64 49 7 15 44 30 8 16 26 53 59 58 6 1 48 22 4 20 63 39 42 38 33 17 57 29 6
40 25 33 55 15 56 46 49 59 4 12 18 38 53 63 51 35 22 42 8 44 62 64 45 43 47 57 30 31 16 36 58 39 26 32 14 29 28 20 54 11 24 34 37 61 23 6 27 2 1 5 7 13 3 60 52 17 19 48 50 9 21 10 56 31 15 46 53 44 24 57 42 1 12 32 19 38 58 62 17 6 21 14 25 50 4 45 55 27 35 34 28 22 49 59 26 48 39 2 16 47 61 30 33 13 29 51 5 8 40 7 18 37 54 60 10 43 20 23 11 63 9 3 64 36 52 51 46
11 19 54 43 14 46 38 21 57 13 15 32 12 39 27 25 6 16 31 36 24 3 29 17 40 4 30 53 50 61 64 7 33 59 52 2 48 34 44 8 20 56 28 63 45 35 55 9 26 23 1 49 58 62 37 47 41 10 60 22 5 51 18 51 21 54 6 31 34 30 57 29 64 2 36 8 56 10 23 48 26 13 58 22 3 44 35 11 37 17 25 32 39 7 62 40 16 15 24 20 38 9 59 63 19 18 5 1 60 55 41 28 50 33 43 4 49 14 61 47 27 45 46 52 12 53 24 46
26 16 59 55 46 39 10 52 21 35 13 8 54 27 24 4 18 45 64 28 22 23 41 40 50 2 51 30 34 57 56 61 47 38 7 36 44 60 31 20 48 17 19 42 14 9 15 29 53 62 32 49 33 3 11 6 58 12 37 1 63 5 25 5 60 28 51 62 46 52 15 17 55 35 40 14 61 45 2 16 44 32 38 64 34 49 63 33 36 59 53 42 56 29 57 47 12 50 54 41 27 58 37 24 9 39 26 31 18 20 3 13 30 48 19 25 10 23 8 21 6 11 1 4 7 22 39 47
15 3 2 50 47 37 8 31 22 12 25 54 57 55 23 13 7 41 32 49 52 6 42 35 43 56 28 36 58 19 63 14 64 61 45 53 46 62 18 9 26 17 38 40 10 21 51 29 59 11 16 48 24 20 5 39 60 34 30 1 27 33 4 28 49 54 50 57 41 5 56 8 42 14 1 32 58 55 62 29 9 17 16 43 15 27 11 25 31 36 39 34 46 38 53 4 45 37 48 2 20 10 33 35 21 59 18 22 51 13 60 6 63 47 23 40 7 61 30 52 19 24 64 3 12 26 35 24
4 13 39 20 8 59 55 9 27 1 22 53 18 58 61 29 12 14 47 25 57 54 33 24 38 31 36 42 11 41 21 28 2 19 10 49 30 40 64 52 48 62 34 7 60 51 35 23 3 16 15 5 37 50 6 46 17 44 56 26 32 43 63 1 57 24 10 18 27 53 34 50 21 4 31 35 39 25 40 58 47 19 51 6 16 54 43 23 41 38 55 56 59 20 3 64 36 2 42 32 8 12 37 17 14 48 52 62 63 28 33 22 46 30 44 61 15 29 60 5 49 7 26 11 13 9 25 60
54 21 28 55 3 58 5 59 44 34 26 16 45 14 12 19 18 31 24 15 8 27 22 62 6 50 39 29 13 33 51 38 42 61 37 47 63 41 53 35 7 23 48 56 36 49 64 25 11 1 20 9 57 4 40 17 30 2 60 32 10 43 52 62 40 42 47 1 15 36 28 45 50 8 23 29 53 24 35 26 54 64 49 59 11 52 22 55 19 37 33 7 41 57 48 14 25 58 61 21 56 39 31 18 2 60 27 38 17 43 9 44 5 13 12 4 63 10 20 32 34 6 3 51 16 30 41 42
34 63 38 59 41 46 13 53 3 15 45 5 35 49 26 9 6 14 51 52 23 7 33 2 62 22 30 57 32 10 20 11 24 21 16 25 27 40 29 12 31 42 8 48 58 18 37 28 54 43 39 50 1 64 56 4 19 17 44 61 60 36 55 34 16 45 22 21 17 38 58 31 32 48 19 42 54 33 23 64 57 37 10 36 20 39 60 52 50 4 49 13 1 55 15 24 43 7 44 46 51 59 40 18 53 30 28 26 41 35 12 61 2 8 63 3 25 11 6 5 56 62 29 9 14 27 43 19
3 49 2 60 1 17 55 5 47 22 52 18 64 39 58 38 29 33 24 43 41 16 57 26 8 4 56 15 9 42 44 6 53 45 19 7 11 59 10 63 51 13 21 23 28 32 25 50 31 34 27 30 61 20 54 40 35 37 62 14 46 36 12 59 49 39 57 46 62 19 25 21 61 30 12 54 51 17 53 27 29 3 22 10 13 43 8 45 23 2 18 55 14 40 24 35 47 15 33 41 63 28 16 36 5 6 37 42 52 38 64 34 32 26 60 44 4 31 50 58 56 11 20 7 9 1 7 5
29 9 26 48 56 37 25 17 59 60 5 10 52 58 19 7 30 63 4 51 55 46 12 21 35 39 36 14 2 40 44 28 34 57 8 32 23 38 20 61 47 24 1 18 42 53 13 43 6 50 16 62 3 31 64 45 27 11 54 22 33 15 41 16 61 3 19 44 5 14 32 20 48 38 7 28 54 52 33 25 63 51 13 21 35 46 53 18 62 4 47 29 22 36 43 41 27 31 10 60 55 64 1 2 30 45 39 9 57 26 24 58 40 11 59 50 15 56 42 23 34 37 12 6 17 8 57 22
15 40 11 20 51 1 2 35 59 57 33 27 9 21 23 38 44 55 4 47 61 46 64 60 39 8 6 22 45 31 30 36 56 25 13 41 62 53 52 48 32 43 29 16 34 54 3 7 49 14 26 10 37 12 5 28 18 19 63 58 24 42 17 3 24 10 35 32 23 5 8 30 17 61 18 46 56 49 6 62 11 33 34 55 21 19 38 48 1 14 64 20 54 52 47 4 42 58 44 12 36 31 53 51 45 27 63 60 59 29 28 25 7 2 57 22 41 26 15 9 16 43 13 40 37 39 14 3
3 63 26 19 11 53 27 33 44 30 59 34 37 64 55 60 1 17 13 20 24 29 23 39 31 48 10 50 8 7 47 56 52 32 43 5 62 54 45 15 9 4 25 18 28 14 42 41 12 21 61 35 16 49 6 58 36 57 38 22 46 40 2 7 47 17 31 6 26 25 23 61 5 45 19 16 36 20 56 42 32 58 33 29 4 13 27 63 43 2 9 59 39 62 40 22 30 44 8 21 37 12 18 41 55 53 54 60 3 11 14 10 1 57 28 35 49 64 38 50 15 46 48 24 34 52 41 54
50 54 55 28 59 3 30 36 42 12 37 10 41 57 51 27 22 7 56 2 45 6 15 21 13 11 49 8 1 39 4 40 64 48 5 16 14 47 46 25 34 44 24 31 18 60 23 26 19 9 53 38 63 33 29 62 35 43 61 20 32 58 17 33 60 53 5 4 55 20 32 8 46 22 61 49 19 6 18 51 59 2 9 1 36 21 24 56 38 13 15 37 42 10 45 54 47 27 29 35 64 57 12 50 41 7 39 30 40 11 43 26 63 28 17 16 23 31 3 44 48 62 25 58 14 34 21 27
16 3 2 51 9 4 1 34 21 45 23 24 20 50 18 22 10 38 31 36 40 64 32 59 19 6 7 5 41 61 46 52 42 33 48 47 60 44 11 29 26 8 56 25 63 43 49 54 17 35 37 62 28 14 39 12 55 58 30 27 57 13 15 29 40 4 22 10 35 50 49 61 51 43 3 48 7 12 34 17 38 6 13 18 54 59 45 64 41 15 52 24 33 47 60 21 25 42 36 57 1 5 16 19 2 31 14 56 23 37 62 28 44 55 20 32 26 27 58 9 39 30 11 46 63 8 1 9
23 24 33 63 17 60 49 3 50 26 6 25 9 20 37 45 61 28 62 31 53 44 10 4 41 55 46 5 36 32 48 8 1 14 64 2 12 15 11 56 34 27 35 59 47 7 57 22 29 58 16 39 30 38 13 52 42 51 40 19 43 21 18 51 45 32 61 57 28 27 14 25 11 6 41 16 2 3 58 29 62 10 7 8 52 37 55 43 4 44 9 36 24 22 17 49 59 20 19 60 31 42 46 30 18 35 26 38 1 21 40 50 13 64 53 48 39 23 12 63 5 34 15 56 47 33 51 32
8 63 3 46 11 5 15 30 16 29 44 38 26 7 37 23 48 39 10 51 1 18 24 6 52 33 28 62 57 64 45 53 60 21 19 56 54 17 49 9 12 32 31 20 61 41 25 50 40 43 27 13 42 59 22 34 2 47 4 36 35 14 58 25 32 53 49 62 2 18 4 21 16 44 61 31 28 54 11 47 56 20 24 43 57 34 59 23 58 26 60 37 1 63 41 42 45 22 36 6 8 10 33 46 15 38 51 7 14 17 48 52 64 19 27 3 13 50 30 39 29 12 40 5 9 35 63 4
30 43 10 36 48 9 6 29 23 21 3 35 55 19 60 13 34 4 54 8 39 20 28 59 7 12 38 11 49 33 51 2 25 1 22 52 62 47 46 57 63 24 18 42 31 5 50 16 44 14 27 26 40 32 37 53 17 58 61 45 41 15 64 35 34 55 16 29 1 39 17 52 10 50 38 19 5 60 51 24 64 28 9 44 57 13 7 54 53 41 32 33 37 4 23 15 25 36 63 27 20 21 26 22 48 45 30 3 18 12 11 59 8 40 43 2 46 47 58 31 62 14 61 42 6 49 9 58
53 8 22 2 54 35 19 41 44 61 14 11 48 6 3 13 17 42 28 1 10 23 24 59 9 15 33 38 16 32 64 36 40 7 31 18 58 43 26 45 52 62 56 60 4 5 12 27 49 55 34 25 39 63 47 51 21 20 50 46 30 37 29 41 5 8 16 53 22 43 19 52 2 13 63 32 54 20 25 48 46 56 47 40 42 14 12 33 3 9 50 60 35 38 10 31 11 7 28 4 15 21 29 55 44 1 39 23 61 17 26 27 6 51 18 34 62 64 49 58 45 37 24 30 59 36 22 49
35 49 3 29 59 15 14 26 44 32 60 62 42 20 11 38 47 52 21 31 53 19 50 64 1 24 51 34 25 36 18 41 28 57 27 40 16 37 12 56 4 45 10 8 63 48 54 6 9 7 22 33 5 23 43 39 30 61 55 13 2 46 17 25 56 7 57 44 38 39 5 11 2 52 23 37 15 42 29 8 32 33 54 17 19 1 14 43 3 40 12 45 63 59 46 41 55 24 36 26 53 64 35 47 13 49 48 50 20 4 10 31 27 60 30 28 6 22 62 21 16 18 51 34 61 9 33 56
31 52 9 21 7 2 32 36 44 43 51 57 29 41 24 49 19 23 6 15 8 22 12 34 4 13 1 63 60 61 30 46 14 40 17 56 26 35 11 28 18 16 55 38 20 58 64 10 47 27 25 37 48 53 50 39 54 3 5 42 45 62 33 56 45 10 11 33 48 4 39 53 1 14 54 18 28 57 7 27 26 60 58 29 3 5 38 9 41 42 21 34 62 50 2 6 44 12 30 17 64 31 24 47 16 23 49 25 40 19 32 22 63 36 52 15 13 51 43 20 8 55 35 61 37 46 36 20
27 19 41 40 38 63 26 10 53 35 16 28 58 48 12 57 11 42 47 61 32 2 14 23 54 64 25 43 6 5 3 50 51 62 22 24 56 1 34 39 17 18 4 30 7 20 15 37 33 13 46 52 55 49 36 8 31 59 44 45 9 29 21 19 45 37 18 50 52 39 24 38 43 23 25 15 1 13 32 49 6 47 56 54 31 9 16 63 59 35 42 55 41 2 33 36 8 34 3 21 27 51 14 64 11 58 12 29 30 4 5 26 22 48 62 17 10 44 40 46 20 61 53 28 57 7 7 45
58 55 49 31 52 10 12 41 42 33 46 28 57 18 56 30 21 15 5 47 3 20 4 38 45 1 27 2 59 50 37 40 24 36 32 16 22 54 60 14 7 23 19 17 43 25 29 34 13 9 53 64 6 51 39 8 48 11 26 44 63 62 35 43 2 64 9 19 45 16 31 36 24 46 30 48 56 57 41 15 39 33 10 12 4 20 37 47 44 58 23 11 52 29 50 7 27 14 55 1 6 26 42 5 60 53 22 3 21 17 59 34 49 38 51 62 32 18 54 8 25 13 28 40 63 35 34 64
52 40 31 18 56 10 26 42 55 28 20 54 25 51 9 19 14 60 41 48 1 2 34 59 6 64 45 53 7 27 58 35 43 57 46 37 32 11 38 17 4 24 15 50 33 16 5 21 29 3 44 12 61 63 23 30 47 49 13 8 36 22 39 50 48 13 30 37 29 43 61 64 14 24 33 54 57 53 17 21 23 11 19 41 5 16 4 6 56 3 1 31 35 58 39 22 49 28 45 34 47 18 38 46 27 63 15 25 60 20 26 8 51 10 55 40 9 44 7 32 2 36 52 59 42 12 37 32
22 44 58 41 14 59 52 27 64 51 36 47 39 37 62 45 34 13 57 15 49 10 42 17 56 50 23 32 19 28 20 26 9 25 54 21 53 60 1 35 43 18 8 4 55 30 31 29 3 33 40 5 61 16 7 2 38 24 48 11 12 6 46 23 36 62 38 16 27 26 37 13 58 5 50 9 14 8 12 43 42 52 56 19 55 6 20 4 59 39 61 25 64 24 34 45 51 29 31 53 18 3 35 46 60 47 15 57 49 1 11 48 7 41 28 21 32 2 44 54 22 17 30 10 40 33 34 55
29 10 2 3 22 1 5 31 57 59 45 17 58 56 36 50 46 53 25 37 43 15 63 42 20 55 38 39 44 61 48 51 40 52 14 41 9 12 32 35 7 6 21 4 47 8 26 34 19 16 23 33 24 27 13 60 62 28 11 49 54 30 18 34 58 28 54 15 59 26 31 50 20 1 45 12 24 55 48 29 41 56 8 25 17 52 53 13 61 63 57 38 9 2 43 47 51 16 32 3 7 42 5 39 23 37 62 30 6 19 49 40 27 60 14 36 18 21 22 4 35 33 44 46 11 10 61 17
