47 52 43 10 29 57 59 63 62 40 20 27 53 15 58 9
7 14 24 40 31 30 61 64 39 23 34 11 12 8 37 47
35 57 32 48 40 23 7 51 29 38 44 45 64 60 50 62
24 42 34 51 8 25 11 33 50 43 41 5 48 52 38 9
23 6 22 57 24 58 12 60 27 44 55 14 43 4 47 46
10 63 20 12 5 60 9 16 41 34 48 25 19 55 59 54
53 47 3 21 2 17 41 59 61 62 30 49 34 24 10 48
41 64 4 13 35 27 2 60 18 34 29 47 53 49 62 17
1 4 13 6 41 12 17 43 64 50 40 36 42 58 51 33
46 24 25 42 38 44 18 40 32 26 1 45 6 7 14 20
22 63 20 53 56 26 4 37 39 14 41 2 15 59 38 58
25 9 19 29 35 30 60 59 56 17 6 63 5 41 2 53
40 43 56 42 36 8 34 41 62 48 9 44 33 25 26 19
16 27 29 63 11 52 10 35 33 26 60 54 5 2 62 30
21 63 37 47 56 52 46 59 49 11 39 22 24 64 36 1
28 27 51 37 14 49 6 54 57 20 34 31 30 17 60 24
12 19 27 31 54 7 50 26 16 20 9 58 63 8 23 43
8 55 31 10 46 42 37 56 22 38 40 32 50 48 21 61
26 41 27 57 17 44 55 13 46 6 32 12 50 64 60 36
42 10 49 1 53 16 57 30 31 11 17 35 48 33 6 50
32 55 26 50 7 15 36 42 18 62 64 39 28 47 59 24
11 5 28 25 55 42 37 18 44 61 63 49 38 15 30 36
2 17 57 27 55 43 62 28 64 35 5 31 3 51 61 58
45 52 42 21 63 4 61 7 39 5 53 16 43 15 2 10
61 62 22 51 64 6 28 10 37 12 4 13 45 48 27 57
50 38 19 53 13 11 10 43 42 46 21 39 17 58 14 49
50 45 56 19 48 5 54 17 23 16 35 8 14 33 25 1
33 38 25 56 45 21 34 22 44 32 23 37 16 36 57 43
3 58 60 64 12 51 50 44 1 8 56 55 32 43 54 14
16 62 14 45 61 12 22 34 20 32 33 7 31 2 49 55
18 52 59 23 30 34 17 54 64 51 20 40 2 36 60 16
19 28 33 34 40 60 35 3 45 10 51 18 21 55 29 30
27 20 28 38 61 49 4 51 9 50 58 32 41 13 30 14
37 8 30 13 6 39 31 2 54 4 62 7 16 32 59 28
32 57 27 12 60 49 58 47 14 23 46 39 53 8 20 3
52 28 9 56 19 51 57 54 21 43 13 22 37 41 31 15
11 51 39 15 58 36 62 22 18 34 16 60 44 28 25 2
28 41 22 3 52 49 18 39 50 4 10 44 46 11 33 26
26 38 11 15 62 34 56 46 24 59 52 35 21 37 47 2
2 63 18 45 48 3 32 13 43 58 10 1 31 9 53 52
12 36 9 7 38 45 11 33 8 13 46 49 52 19 4 6
56 20 45 21 43 48 4 13 26 53 22 10 18 24 52 9
61 4 59 28 36 23 9 29 17 24 5 40 1 13 42 26
47 49 28 37 38 46 19 5 52 22 13 57 62 10 3 29
42 54 30 25 27 40 10 3 28 55 59 24 41 53 32 62
18 59 5 39 41 15 38 56 19 35 10 64 26 44 63 49
58 64 15 2 5 1 35 7 44 55 8 39 21 53 63 57
60 3 20 64 59 51 18 7 4 27 25 6 42 13 40 54
35 41 44 46 30 15 20 16 52 8 26 22 51 38 33 7
26 56 3 19 27 9 29 61 54 33 38 20 4 18 17 21
3 9 31 37 16 36 33 54 23 29 25 32 49 63 48 4
1 24 49 44 40 14 36 42 15 58 4 60 38 39 31 41
47 60 42 11 12 35 8 1 58 26 7 55 20 24 45 40
51 29 36 6 59 16 31 17 61 34 56 14 27 50 45 48
57 61 30 45 63 23 19 18 21 6 47 53 22 29 32 5
46 12 15 58 18 54 42 39 28 11 13 64 36 29 27 50
47 19 63 3 35 61 44 55 28 23 25 5 20 1 36 16
26 29 47 33 9 37 35 52 53 23 11 56 1 17 5 40
39 45 54 7 46 15 34 1 61 12 21 43 6 11 48 31
31 52 6 48 53 37 35 29 16 19 14 32 8 3 5 12
22 50 55 64 18 25 7 59 23 33 2 30 24 43 54 57
63 21 14 34 7 45 8 30 44 1 13 39 3 23 37 25
11 47 62 17 46 12 22 51 40 55 24 1 57 6 14 15
9 31 2 25 46 48 23 15 47 19 8 29 3 61 56 21
