28 38 11 8 62 43 9 12 57 5 27 61 41 56 60 20 6 15 31 47 39 37 46 36 21 35 18 16 2 13 54 63 64 51 30 58 24 14 19 42 59 52 10 53 3 33 32 26 50 29 55 49 44 22 40 34 25 7 17 48 45 23 4 12
64 35 5 57 62 53 45 15 52 14 27 54 3 59 49 36 4 24 33 19 8 11 13 43 34 39 21 1 23 42 60 58 28 51 61 50 48 25 32 38 26 6 22 47 16 37 44 56 9 46 7 18 63 30 40 17 20 29 12 31 41 55 10 36
28 14 42 50 53 34 9 41 43 10 17 35 40 24 52 37 19 59 2 61 11 47 15 21 57 12 6 49 63 44 45 20 38 36 1 29 26 33 60 58 31 22 54 27 39 5 56 62 16 30 51 55 48 13 46 18 25 8 4 7 23 64 32 25
21 34 38 5 44 32 3 13 37 1 22 61 64 49 52 12 31 29 9 53 60 6 40 56 48 23 39 33 27 17 63 20 45 15 35 54 2 8 57 11 26 10 30 42 47 43 55 51 19 28 62 59 7 24 25 46 18 14 16 36 41 58 50 20
63 11 49 60 22 56 6 10 3 25 2 59 20 33 30 18 7 32 28 40 4 12 48 23 34 53 50 58 8 46 42 39 1 27 29 17 55 44 9 16 36 57 31 19 15 43 26 37 61 52 51 24 41 45 62 21 14 54 35 13 38 64 47 59
51 34 25 2 44 38 46 9 27 23 59 35 8 60 22 36 10 58 1 17 16 48 21 24 26 53 3 4 57 33 39 52 64 18 13 31 37 45 40 28 62 12 11 61 14 56 42 49 5 47 19 32 15 55 54 43 41 50 7 29 30 20 63 62
37 22 58 47 52 61 25 42 13 5 41 51 18 50 64 12 17 35 3 16 33 26 49 14 34 39 27 57 53 20 23 1 4 21 8 43 56 45 48 31 11 38 60 40 28 62 59 46 63 9 6 24 32 55 44 19 2 10 29 30 54 36 15 28
55 17 9 64 1 12 29 41 47 54 58 16 6 25 21 27 44 11 30 59 14 46 52 42 22 37 4 19 32 56 45 28 38 20 2 10 7 36 53 34 48 40 49 26 13 5 35 18 51 15 23 43 62 24 63 57 39 33 50 60 31 61 3 55
42 56 19 6 10 58 31 26 39 35 15 59 44 22 34 11 33 48 37 3 63 18 23 1 62 52 21 54 46 60 43 36 5 41 14 45 7 28 13 50 47 12 8 55 61 4 40 29 53 38 2 51 24 49 30 32 64 20 27 16 25 17 57 24
15 61 5 37 49 62 35 24 34 33 1 38 40 6 8 36 3 21 28 4 54 63 53 11 29 47 23 22 41 20 27 25 43 7 17 44 9 56 48 16 19 30 55 13 42 32 45 26 12 64 57 51 50 31 60 2 58 18 46 39 59 52 14 33
39 42 54 1 56 59 28 53 45 26 48 36 43 19 31 46 5 57 24 22 64 2 14 8 51 21 49 63 20 12 52 27 50 29 25 60 18 32 40 16 13 15 37 7 47 38 30 3 35 58 17 9 33 61 4 34 6 23 44 55 41 62 10 40
13 64 35 54 21 4 25 5 11 2 55 28 8 46 1 52 22 9 30 17 19 41 23 26 45 57 7 36 34 51 31 53 14 20 10 56 18 60 61 63 39 62 44 48 32 33 3 6 29 49 58 24 59 37 40 42 50 43 38 15 27 16 47 1
31 62 28 36 37 64 51 34 22 25 44 26 6 8 52 50 17 18 7 29 21 5 60 11 57 2 46 14 54 1 55 10 47 9 24 20 45 53 23 35 56 27 42 39 33 38 32 4 3 61 59 12 58 63 16 49 15 19 48 41 43 30 40 14
49 57 35 37 56 44 12 2 23 7 4 15 20 27 18 8 50 31 16 10 64 47 28 55 30 21 51 1 46 9 59 58 3 42 36 11 25 34 33 40 29 53 6 62 26 38 41 13 63 24 60 61 48 54 32 52 19 45 5 22 43 17 39 13
26 24 64 57 16 55 63 4 23 27 10 28 60 40 45 54 25 8 14 61 35 56 29 37 34 1 18 50 19 36 58 20 38 7 39 32 13 47 2 5 46 22 30 33 53 52 12 62 17 31 48 3 51 42 44 21 49 41 9 6 43 59 11 29
6 9 18 15 60 47 40 42 34 64 10 33 17 57 14 23 36 59 50 31 32 53 35 49 43 41 30 11 12 22 38 27 54 63 24 20 7 48 44 58 62 19 21 56 39 51 26 61 2 8 55 3 45 1 5 13 28 4 46 29 25 52 37 61
5 35 51 8 61 3 45 58 38 23 59 39 37 24 15 14 10 31 2 33 48 47 25 19 12 9 46 20 6 55 50 60 53 27 62 22 34 28 36 44 56 1 13 42 64 21 63 32 54 41 57 18 16 11 29 49 4 26 52 40 43 7 30 31
24 17 25 44 11 14 15 48 23 1 12 64 9 30 3 35 49 10 56 59 47 4 52 38 50 7 27 34 2 29 16 54 28 33 31 20 51 45 8 42 61 5 32 53 60 63 6 62 13 57 41 58 43 55 36 40 21 37 39 26 22 19 46 43
52 11 61 35 26 30 13 60 27 64 56 50 55 63 45 7 29 4 32 51 25 15 47 8 18 20 53 43 23 22 10 54 21 48 24 31 33 2 34 46 59 36 5 62 41 16 44 3 40 17 58 42 37 39 38 57 12 14 6 28 49 9 1 42
52 27 18 48 61 3 24 8 36 6 63 53 42 56 46 35 44 49 40 26 23 13 57 43 41 45 34 5 22 51 37 47 50 9 59 30 55 17 15 58 16 54 19 29 39 28 25 10 7 31 38 60 4 32 14 21 1 2 12 11 62 64 33 4
56 15 26 27 20 54 23 13 57 41 59 47 34 9 63 12 22 7 17 11 25 40 39 31 28 36 33 64 4 3 51 24 61 42 44 5 48 58 19 38 60 53 18 43 32 49 35 29 1 16 46 10 62 30 50 52 37 8 55 45 6 14 2 53
33 39 36 32 17 21 3 44 9 4 55 58 1 7 19 23 31 38 25 11 42 47 59 13 64 35 46 12 57 52 8 20 29 41 37 10 5 26 24 60 34 30 40 62 61 53 6 56 48 45 43 54 18 16 27 28 63 14 2 15 50 49 51 26
29 55 2 11 38 18 49 56 39 28 53 62 44 6 5 12 48 60 54 41 20 9 57 17 30 27 3 15 47 4 13 16 8 34 10 14 21 7 22 24 1 64 42 59 36 52 35 40 25 26 33 51 50 37 61 43 31 45 32 19 58 63 46 49
51 30 31 4 14 58 32 34 43 62 63 22 12 29 56 53 17 39 23 59 1 35 37 8 18 45 26 47 60 41 13 49 11 38 16 55 50 61 40 52 2 7 20 28 27 54 36 42 9 25 21 46 3 48 64 57 33 5 15 10 19 44 6 9
1 15 42 32 40 10 57 55 18 53 45 26 35 21 43 52 46 61 29 4 56 58 3 17 62 34 13 22 33 2 24 8 31 63 23 44 30 60 38 50 48 20 16 64 54 37 5 14 19 11 39 12 6 36 51 49 28 9 47 7 59 41 27 3
47 5 18 63 64 15 41 56 9 13 61 34 10 57 32 22 29 2 31 28 37 50 33 16 30 46 40 21 60 53 6 58 7 49 36 51 23 3 45 25 42 17 54 35 12 1 59 43 8 62 19 52 39 44 38 55 20 24 11 14 48 27 4 22
57 52 44 32 64 6 19 22 48 36 50 14 25 16 51 15 54 7 35 20 1 59 41 12 60 62 8 11 34 5 9 13 46 18 45 10 56 42 33 49 4 29 30 17 28 43 24 3 40 53 55 2 23 39 26 21 58 61 37 38 63 47 31 38
26 45 59 18 14 43 50 53 25 11 17 48 22 58 12 1 20 56 29 9 57 52 44 40 5 21 27 46 49 16 24 39 7 8 60 23 47 51 34 61 35 30 33 36 31 55 10 54 15 4 2 3 64 37 63 32 41 38 6 42 19 62 13 7
53 10 45 14 2 46 1 37 6 59 44 7 38 54 49 18 16 22 9 32 40 26 20 3 30 12 48 43 47 33 63 41 58 35 61 52 42 25 50 51 11 24 27 17 64 5 13 55 56 31 34 39 60 36 23 4 57 15 21 8 62 19 28 15
56 47 51 7 53 24 15 25 48 6 36 9 54 32 58 31 44 50 13 18 3 1 35 29 55 19 34 5 38 26 12 57 63 64 43 8 16 61 62 33 52 17 23 21 60 28 27 49 59 11 40 39 42 2 22 14 46 41 45 10 4 37 20 35
39 55 2 48 21 36 62 59 25 51 28 19 37 63 58 49 57 12 15 7 20 8 14 42 1 22 44 18 52 54 9 46 47 60 33 10 13 61 32 11 17 40 53 27 56 43 23 30 6 29 24 50 64 34 38 41 3 5 26 45 4 35 16 17
57 40 14 48 54 41 6 59 2 56 16 47 51 39 13 25 64 50 20 28 31 37 24 58 1 45 5 49 11 36 44 15 7 30 60 22 61 9 19 10 62 46 12 34 26 23 52 18 35 29 55 8 27 42 38 63 3 33 4 21 17 53 43 52
16 59 11 1 26 64 45 34 51 46 52 13 22 55 44 56 61 15 23 14 9 57 6 49 47 10 19 60 36 58 5 8 53 27 20 12 63 32 21 18 42 2 43 17 40 30 28 24 25 62 37 38 29 54 50 41 39 48 35 31 7 4 3 10
59 61 2 53 32 55 4 23 27 50 21 29 22 58 18 36 43 19 42 7 49 63 20 44 5 6 30 46 3 13 37 40 56 33 10 64 14 9 28 12 15 62 45 35 54 26 57 60 41 48 24 51 31 52 1 17 16 8 25 38 11 39 47 60
13 29 32 41 52 11 18 64 34 25 57 33 4 49 27 53 2 51 54 7 28 48 44 17 63 24 50 16 62 1 8 5 26 38 37 12 61 22 36 15 39 56 45 19 60 14 21 59 30 31 43 58 40 42 6 20 46 10 47 3 23 9 55 30
16 57 64 5 38 1 41 3 63 29 12 28 30 21 2 60 15 40 54 7 35 47 24 34 19 11 25 26 13 31 61 49 48 32 46 8 56 17 14 27 6 50 22 45 10 33 42 51 43 58 4 20 53 55 23 59 18 62 44 37 39 9 52 2
5 32 22 61 3 50 34 52 17 14 42 20 33 19 35 40 63 2 10 6 49 26 15 8 60 51 54 28 62 59 4 7 1 47 39 58 12 55 16 23 9 53 64 30 56 18 24 57 46 45 38 41 21 13 44 27 43 36 11 25 48 31 29 58
4 56 39 61 63 50 53 16 12 14 17 55 52 31 18 46 3 22 64 23 28 15 43 8 27 59 35 20 11 49 45 41 47 19 30 62 33 54 57 24 60 29 7 48 40 58 13 44 37 36 1 34 2 25 5 32 10 21 26 42 9 51 6 27
55 53 43 3 5 17 25 18 58 60 15 2 45 13 1 52 56 34 24 12 48 8 23 22 14 59 9 6 37 47 28 51 57 62 46 41 31 20 63 7 26 29 42 64 49 16 54 44 10 11 36 38 21 40 61 4 32 30 33 27 19 35 50 57
56 55 35 29 41 30 10 54 20 45 24 42 6 34 50 15 16 27 33 19 58 62 39 13 8 57 59 18 12 53 43 23 26 63 7 44 3 48 47 1 31 61 14 60 11 64 28 51 46 37 4 36 52 38 5 2 9 25 21 32 17 49 22 11
34 37 36 42 14 7 54 13 8 31 43 33 32 22 11 61 59 53 26 50 1 51 3 19 25 18 24 17 4 28 9 29 15 47 55 5 46 6 21 56 16 12 63 49 44 57 2 20 60 39 30 38 40 35 62 27 10 23 64 52 48 58 45 51
37 14 40 62 64 28 51 45 56 31 4 59 38 12 26 7 33 43 32 1 29 2 54 6 46 17 55 5 24 50 10 41 39 52 19 63 8 49 30 34 35 27 53 44 21 60 15 36 11 25 22 58 61 3 16 9 57 48 47 18 23 20 13 19
33 24 38 35 61 19 53 11 10 16 34 58 48 46 9 52 1 20 63 7 39 51 32 14 23 37 42 31 13 18 44 2 59 30 21 26 50 47 62 54 60 29 22 36 55 4 15 49 27 57 56 5 12 64 40 8 28 6 17 45 41 3 25 18
13 31 6 5 21 12 27 32 18 62 47 61 20 34 22 50 4 45 7 41 57 37 53 9 39 24 1 64 46 3 36 48 42 55 33 63 2 38 16 26 49 28 15 56 8 23 60 25 14 58 29 52 59 10 43 11 54 35 40 30 51 17 19 56
2 27 24 19 31 23 15 14 9 3 34 6 64 7 47 55 20 59 8 10 57 26 49 16 37 12 56 28 33 39 48 11 58 35 60 50 42 63 17 44 46 1 53 4 41 22 52 61 54 40 36 62 18 13 32 25 43 38 30 29 21 51 5 47
12 34 26 44 55 40 42 53 49 63 7 59 8 2 18 1 62 22 23 17 64 28 3 15 11 19 50 14 10 33 39 41 21 24 6 37 36 30 31 52 60 57 38 29 27 43 13 48 4 5 25 35 61 9 58 51 20 54 45 32 16 56 47 63
52 62 1 44 3 6 28 63 37 56 51 19 24 18 53 36 22 38 58 29 25 59 49 55 46 33 23 8 45 34 60 21 61 54 40 5 16 30 64 57 48 43 27 2 41 12 9 42 26 7 15 4 35 10 32 13 50 31 11 17 14 39 20 45
52 55 19 36 12 64 14 1 43 61 20 3 53 5 49 21 13 24 38 33 39 17 26 50 32 47 23 28 62 25 16 31 27 46 34 4 59 37 45 63 7 57 6 54 15 42 40 22 58 2 56 51 18 11 41 8 35 9 10 29 30 44 60 54
50 63 34 4 48 40 43 13 42 54 18 29 55 39 19 22 7 16 15 64 44 51 32 6 38 35 37 9 28 21 45 47 24 58 5 20 27 41 17 1 30 10 60 12 8 25 57 11 59 31 26 3 33 36 2 61 52 14 46 56 62 23 53 23
21 14 1 24 61 52 6 12 17 15 25 51 39 23 34 54 13 59 43 46 31 44 29 8 35 47 33 4 62 26 5 40 63 11 64 32 36 3 55 53 30 38 2 45 57 42 27 41 28 22 7 37 10 48 56 18 19 16 60 20 58 9 49 64
57 8 43 26 15 12 30 21 42 27 33 44 4 38 18 49 16 54 5 22 53 17 61 36 52 19 39 50 3 13 29 40 63 45 46 41 2 58 60 11 14 56 35 32 7 6 47 34 25 31 59 23 55 9 24 10 37 64 20 28 1 48 62 41
61 47 53 9 48 37 2 6 23 12 34 21 22 32 50 59 25 45 55 38 18 36 28 49 43 41 26 54 33 63 46 14 44 10 60 30 27 64 3 19 7 16 1 35 42 31 5 20 13 29 51 40 56 62 11 17 4 15 39 58 57 8 24 32
56 11 10 19 45 17 46 22 31 29 8 30 41 59 33 23 7 15 54 63 60 34 13 58 35 14 3 52 24 42 16 12 64 39 25 6 5 32 55 21 20 43 36 1 62 9 37 48 4 50 26 40 27 49 57 47 28 18 61 44 51 2 38 21
8 52 61 26 33 17 34 56 51 18 9 12 22 45 35 39 10 24 11 38 1 4 58 5 21 41 57 48 2 14 62 46 47 49 13 20 42 25 29 15 36 37 30 23 7 43 40 6 55 19 31 32 3 63 28 16 60 64 27 53 59 44 50 48
52 45 34 15 44 40 21 6 43 32 3 1 56 10 29 7 17 53 2 38 12 24 20 5 19 51 33 16 11 64 31 60 23 63 57 46 58 13 50 22 42 14 39 54 37 4 25 48 30 9 59 28 47 8 62 35 61 18 26 27 41 36 49 8
30 17 28 52 51 64 14 58 62 12 47 46 8 4 32 26 10 39 15 57 54 55 38 23 20 27 61 5 34 33 44 13 1 45 40 11 48 53 24 49 29 6 31 43 50 18 16 2 3 36 25 60 35 37 22 63 41 9 21 19 42 7 59 44
36 53 20 38 26 14 15 43 28 58 4 52 16 51 37 23 56 45 9 5 59 22 54 10 60 7 48 21 63 39 30 50 31 12 27 62 13 41 19 35 42 61 64 18 32 11 44 24 47 33 55 6 2 46 34 3 25 40 17 1 49 29 8 39
42 43 3 45 62 14 1 35 24 20 15 28 48 47 30 32 34 41 26 39 37 25 6 13 56 36 64 55 52 18 46 16 59 54 57 38 7 10 50 33 4 11 61 8 49 40 2 51 9 53 12 27 31 17 60 22 21 29 23 5 63 19 44 37
38 6 31 43 20 64 46 28 23 27 32 47 16 37 63 36 1 50 62 53 49 30 24 25 34 10 51 39 42 11 33 55 5 2 26 3 45 44 12 48 22 40 13 41 21 18 54 56 14 57 17 4 9 7 61 52 60 15 35 29 58 8 19 5
35 8 38 5 50 44 56 19 23 2 32 62 18 11 36 4 41 61 64 58 39 63 33 29 12 6 1 17 13 40 7 9 57 10 24 55 14 48 37 20 31 59 53 43 34 54 52 47 27 26 25 30 15 21 51 28 22 42 16 3 46 49 45 34
33 5 16 47 32 50 39 35 9 27 23 59 43 20 17 15 3 26 38 42 63 46 48 1 11 6 31 30 2 37 45 44 10 29 54 24 49 40 51 57 28 62 56 13 18 55 52 36 53 25 21 4 7 60 34 8 41 64 58 22 14 19 12 16
32 20 6 35 39 31 43 59 33 10 44 2 52 54 4 60 56 49 15 30 8 34 9 27 26 46 19 38 14 37 11 22 51 63 55 5 28 48 58 29 17 1 16 36 18 7 61 45 50 42 40 12 25 53 24 64 23 47 13 57 41 3 21 6
45 24 48 35 26 40 31 37 25 51 28 20 33 22 61 54 30 3 62 29 53 14 10 9 13 5 42 15 59 47 34 64 38 58 23 19 4 16 46 44 43 49 36 17 55 8 50 41 27 11 12 18 57 39 1 52 56 7 32 2 6 21 60 46
7 35 32 30 17 25 23 55 6 3 36 8 62 16 29 43 24 45 40 54 52 47 1 38 42 2 15 39 4 49 58 48 10 18 9 19 56 27 50 31 41 12 37 13 21 57 59 22 34 14 26 28 11 33 20 44 61 5 51 60 63 53 46 50
